7.247166795464572431e-01 -6.883537017219956144e-01 -3.090171051549361891e-02 5.449838953041502565e-01 -6.800383578198243573e-01 -7.217502700488764855e-01 1.289355636668579053e-01 -2.395630970630391876e-01 -1.110565904432235518e-01 -7.242740510331625858e-02 -9.911713800898036553e-01 1.914266547426709542e-01 0.000000000000000000e+00 0.000000000000000000e+00 0.000000000000000000e+00 1.000000000000000000e+00 -2.749479052761532542e-03 1.347571584443834789e-03 -3.182219113211361746e-03 3.622301719329183971e-03 8.226626693116766142e-03 1.825037262921918452e-06
7.247194272870378651e-01 -6.883503325124524785e-01 -3.091231862452692436e-02 5.449800655954197826e-01 -6.800335290460601811e-01 -7.217537015073174356e-01 1.289418230584916669e-01 -2.395576789888654023e-01 -1.110682271665004300e-01 -7.242523103506337545e-02 -9.911702350371547343e-01 1.914222713498319739e-01 0.000000000000000000e+00 0.000000000000000000e+00 0.000000000000000000e+00 1.000000000000000000e+00 -1.550288312447104140e-05 7.154349465076681762e-04 -1.716117478173367081e-04 1.692443551781647464e-04 -5.360772105356573594e-05 1.398941580115241768e-03
7.247240559429757312e-01 -6.883450275279222597e-01 -3.092193097377343713e-02 5.449794060794815875e-01 -6.800265923433880255e-01 -7.217587164167058589e-01 1.289503353324399915e-01 -2.395466814272921297e-01 -1.110804953328998756e-01 -7.242567468856012103e-02 -9.911688278000394536e-01 1.914162956152549167e-01 0.000000000000000000e+00 0.000000000000000000e+00 0.000000000000000000e+00 1.000000000000000000e+00 3.753830881258665968e-04 1.519052209870925011e-03 -2.796237544051681664e-04 1.155983317274838097e-03 1.850733268933983720e-04 1.766388191662524206e-03
7.247244554518842419e-01 -6.883441509081734688e-01 -3.093208011879378105e-02 5.449773709011623835e-01 -6.800241184118381854e-01 -7.217596726193808987e-01 1.289580294458874954e-01 -2.395418848376653642e-01 -1.110930333016976884e-01 -7.242447715289174193e-02 -9.911675100914869585e-01 1.914104018794429152e-01 0.000000000000000000e+00 0.000000000000000000e+00 0.000000000000000000e+00 1.000000000000000000e+00 -4.416660304092413238e-04 -5.247739518764761579e-04 -3.682561833518406200e-04 4.149190562379410918e-04 9.375657338637341173e-04 -1.853359056846955698e-03
7.247361683195967519e-01 -6.883324919846978140e-01 -3.091709571685241631e-02 5.449845894985216876e-01 -6.800143495888125722e-01 -7.217700751077298360e-01 1.289513203976070665e-01 -2.395390471465235760e-01 -1.110764182116673049e-01 -7.243161710964397815e-02 -9.911688504791444920e-01 1.914157566537883493e-01 0.000000000000000000e+00 0.000000000000000000e+00 0.000000000000000000e+00 1.000000000000000000e+00 8.638235985943948630e-04 2.693227970071763555e-04 7.128972108510378981e-04 -8.996410048476832777e-05 -1.750306821375699744e-03 4.362999895427118954e-04
7.247267274081292676e-01 -6.883433374726368736e-01 -3.089693087241374148e-02 5.449871401556731776e-01 -6.800281226522594258e-01 -7.217594971177050400e-01 1.289378948270878678e-01 -2.395477776061704089e-01 -1.110536941409274586e-01 -7.243395666004469324e-02 -9.911712258435592116e-01 1.914255817415296823e-01 0.000000000000000000e+00 0.000000000000000000e+00 0.000000000000000000e+00 1.000000000000000000e+00 1.352686957896198205e-03 -8.495944636548077552e-04 2.029809917141447029e-03 -1.897625686540165869e-03 -4.226859303912966319e-03 -1.731516417264081361e-03
7.247314382406905287e-01 -6.883392445343250454e-01 -3.087761097454072567e-02 5.449921909211932203e-01 -6.800270255178587631e-01 -7.217630388298061916e-01 1.289238548310480126e-01 -2.395509686467725274e-01 -1.110296671656456624e-01 -7.243756078912494401e-02 -9.911736542079838674e-01 1.914388338230219866e-01 0.000000000000000000e+00 0.000000000000000000e+00 0.000000000000000000e+00 1.000000000000000000e+00 9.519057707782026170e-04 -5.280008406161587533e-04 1.731567261123214026e-03 -8.277709024587395987e-04 -3.179734118687286594e-03 -4.662565450903487967e-04
7.247334095684052624e-01 -6.883373918142068337e-01 -3.087264299940617462e-02 5.449930805975309323e-01 -6.800262936783014744e-01 -7.217649270321654376e-01 1.289171439817268783e-01 -2.395482332145853765e-01 -1.110212815702749378e-01 -7.243635231475846481e-02 -9.911746818305167128e-01 1.914450293182593799e-01 0.000000000000000000e+00 0.000000000000000000e+00 0.000000000000000000e+00 1.000000000000000000e+00 -4.785006511501966719e-04 8.224107884302457681e-04 -1.941242553686781352e-04 4.255782467593094073e-04 1.702570626414907830e-03 1.485742874275415267e-03
7.247383486523920615e-01 -6.883329736971182111e-01 -3.085519913866274777e-02 5.449963563162742997e-01 -6.800245235646503739e-01 -7.217687640085874712e-01 1.289049985539220122e-01 -2.395481553290885746e-01 -1.109998799245953821e-01 -7.244010369124674609e-02 -9.911768046286830725e-01 1.914588461980438749e-01 0.000000000000000000e+00 0.000000000000000000e+00 0.000000000000000000e+00 1.000000000000000000e+00 7.241652587824500345e-04 3.658409499020972276e-04 2.481666455702302709e-03 -2.655439853339229030e-03 -3.465075270983572573e-03 8.018645685329586726e-04
7.247454466227327696e-01 -6.883259731687878524e-01 -3.084464719941321098e-02 5.449998095372754481e-01 -6.800189199302830723e-01 -7.217750006491248094e-01 1.288996391570090272e-01 -2.395466100843212098e-01 -1.109878648162322956e-01 -7.244448287617999416e-02 -9.911778300407735331e-01 1.914682042333306633e-01 0.000000000000000000e+00 0.000000000000000000e+00 0.000000000000000000e+00 1.000000000000000000e+00 2.037540781021524592e-04 -2.476694008716456689e-04 3.047736775050073816e-04 1.382816940667400075e-04 -4.503838310660720264e-04 -6.275042646295457896e-04
7.247573640164443054e-01 -6.883137468333939690e-01 -3.083746461870218170e-02 5.450033760477441813e-01 -6.800075817780109055e-01 -7.217861854595313265e-01 1.288968238716560744e-01 -2.395416158937721529e-01 -1.109795117503999118e-01 -7.244921255578479213e-02 -9.911784196458726104e-01 1.914722089544472761e-01 0.000000000000000000e+00 0.000000000000000000e+00 0.000000000000000000e+00 1.000000000000000000e+00 3.612274253067364327e-04 8.019763238308918237e-04 7.160638064570778939e-05 1.141713084505267079e-03 -5.162724968421388482e-04 2.496978310909924500e-03
7.247629446520740260e-01 -6.883083506919878136e-01 -3.082674856240907868e-02 5.450069258271371675e-01 -6.800040591083258423e-01 -7.217912128666776894e-01 1.288872554779979807e-01 -2.395383121336533971e-01 -1.109646504768749264e-01 -7.245039265680804086e-02 -9.911799972499542033e-01 1.914790877359273114e-01 0.000000000000000000e+00 0.000000000000000000e+00 0.000000000000000000e+00 1.000000000000000000e+00 2.729537403756757932e-04 1.615525918113905248e-03 -5.698448327388123827e-04 6.791815963920769467e-04 7.927797719623435159e-04 2.778883303476690613e-03
7.247636707987548110e-01 -6.883091164341039736e-01 -3.079255955611803763e-02 5.450153237397148409e-01 -6.800097792896155902e-01 -7.217897617699687851e-01 1.288652004015812536e-01 -2.395395653379230050e-01 -1.109248464538141465e-01 -7.245757405374902982e-02 -9.911839276347469418e-01 1.914990571787861806e-01 0.000000000000000000e+00 0.000000000000000000e+00 0.000000000000000000e+00 1.000000000000000000e+00 9.381379369979551573e-04 5.946238192990230091e-04 4.681816425842794832e-04 -6.242067981714141418e-04 -1.313321569761210107e-03 -3.354425431698706585e-04
7.247766146895643358e-01 -6.882968748072092469e-01 -3.076151702636964469e-02 5.450203420993147141e-01 -6.800029520279775586e-01 -7.218011462524906996e-01 1.288374576814788341e-01 -2.395373723462464188e-01 -1.108821177303669636e-01 -7.246045403680212438e-02 -9.911884980004608270e-01 1.915296105733676202e-01 0.000000000000000000e+00 0.000000000000000000e+00 0.000000000000000000e+00 1.000000000000000000e+00 1.072381156674037748e-03 6.271003237651982549e-04 4.788286395868752814e-03 -5.146237977206416167e-03 -6.094576118857375317e-03 1.594625563494456947e-03
7.247897415545456745e-01 -6.882848498060276654e-01 -3.072126404933800403e-02 5.450245104178766953e-01 -6.799977277976723133e-01 -7.218121648031469162e-01 1.288032955020837200e-01 -2.395352229585131498e-01 -1.108283390081149233e-01 -7.246491750970682211e-02 -9.911941863242609285e-01 1.915678991161788025e-01 0.000000000000000000e+00 0.000000000000000000e+00 0.000000000000000000e+00 1.000000000000000000e+00 1.609266482128869852e-03 6.121005986791317388e-04 5.779969787391648663e-03 -5.394085776644367593e-03 -7.775410805595349938e-03 8.768423801748961941e-04
7.248041697593827770e-01 -6.882716872576513101e-01 -3.067572360870118864e-02 5.450322984669897508e-01 -6.799921258148957648e-01 -7.218241309018933460e-01 1.287658063208753645e-01 -2.395361439113282420e-01 -1.107683363111982844e-01 -7.247074283620856539e-02 -9.912004676671704040e-01 1.916143608291287770e-01 0.000000000000000000e+00 0.000000000000000000e+00 0.000000000000000000e+00 1.000000000000000000e+00 2.249439966363456916e-03 2.399826384131021565e-03 5.837355329402172006e-03 -4.089787529535501495e-03 -4.547934775974333405e-03 6.145833673397309120e-03
7.248045994503066192e-01 -6.882741194226313919e-01 -3.061093184928215249e-02 5.450409006168827064e-01 -6.800044731448747770e-01 -7.218208127112748507e-01 1.287191937505642869e-01 -2.395476317665209964e-01 -1.106896974367590214e-01 -7.248069308329943561e-02 -9.912085249893300976e-01 1.916677707642356621e-01 0.000000000000000000e+00 0.000000000000000000e+00 0.000000000000000000e+00 1.000000000000000000e+00 8.344948086697359614e-04 -8.638512559784932918e-04 5.204984093024158862e-03 -4.166576024718602993e-03 -5.875447984965319163e-03 -1.823416182973128415e-03
7.248215515489304650e-01 -6.882588149154807988e-01 -3.055359391854539641e-02 5.450525920951642123e-01 -6.799989623065980648e-01 -7.218348762366686433e-01 1.286694319189411462e-01 -2.395524448753502122e-01 -1.106125204131570422e-01 -7.248596512105834333e-02 -9.912167548968882080e-01 1.917314183885614198e-01 0.000000000000000000e+00 0.000000000000000000e+00 0.000000000000000000e+00 1.000000000000000000e+00 1.628676140791017642e-03 -8.634206428234187866e-04 7.431018774415550955e-03 -5.774096032370868402e-03 -6.975496486026430340e-03 1.042740711807229811e-03
7.248307259556840965e-01 -6.882482625321937331e-01 -3.057364603661594238e-02 5.450619571770507488e-01 -6.799885775742733340e-01 -7.218471894299599567e-01 1.286552349521154770e-01 -2.395576021118081544e-01 -1.106162423836224290e-01 -7.246353726864314393e-02 -9.912179794008193490e-01 1.918041631135039005e-01 0.000000000000000000e+00 0.000000000000000000e+00 0.000000000000000000e+00 1.000000000000000000e+00 1.461501710251470300e-03 -1.229565776434931278e-03 1.100015352119492612e-02 -5.325549364415010055e-03 -2.738438762565018666e-03 2.459305928959322398e-03
7.248524050664335583e-01 -6.882292062253868581e-01 -3.048853174196225480e-02 5.450806180942038282e-01 -6.799834670206741372e-01 -7.218642563076332896e-01 1.285864691325296072e-01 -2.395586874447417358e-01 -1.105055448742292695e-01 -7.247451389144551892e-02 -9.912295240701056720e-01 1.918950815372990060e-01 0.000000000000000000e+00 0.000000000000000000e+00 0.000000000000000000e+00 1.000000000000000000e+00 1.735289916406777171e-03 6.589322828623485470e-04 6.692543177679808816e-03 -5.353379469934329421e-03 -7.248991221837741521e-03 3.583535077219496528e-03
7.248720558949776072e-01 -6.882156764862192855e-01 -3.032631235749244647e-02 5.451049756695015569e-01 -6.799946048451217528e-01 -7.218742222594962676e-01 1.284715712473948890e-01 -2.395697728486327061e-01 -1.103079324623367774e-01 -7.250372318621445267e-02 -9.912493985672936603e-01 1.920140845931631313e-01 0.000000000000000000e+00 0.000000000000000000e+00 0.000000000000000000e+00 1.000000000000000000e+00 2.566712474836813605e-03 -6.237835796457017043e-04 1.132836679731258518e-02 -1.160436117949861443e-02 -1.664394988746557141e-02 -1.110577946789109097e-03
7.248970224668256357e-01 -6.881968917238503458e-01 -3.015534845365280825e-02 5.451315454600196286e-01 -6.800020945960841834e-01 -7.218891532608034955e-01 1.283479713487466478e-01 -2.395882254124218902e-01 -1.100974939027612176e-01 -7.253336215860529956e-02 -9.912706256165871865e-01 1.921415079457219066e-01 0.000000000000000000e+00 0.000000000000000000e+00 0.000000000000000000e+00 1.000000000000000000e+00 3.130084647342442229e-03 -1.507633968745099957e-03 1.383252404743310314e-02 -1.339456667897800934e-02 -1.935669573188711357e-02 3.162981259215556394e-04
7.249005347877865990e-01 -6.882016865309011910e-01 -2.996086314518670024e-02 5.451582030161052916e-01 -6.800369057227282354e-01 -7.218817664008856383e-01 1.282050006551786747e-01 -2.396215606911401563e-01 -1.098590984827317596e-01 -7.256138087137264936e-02 -9.912950239391908891e-01 1.922858165017410637e-01 0.000000000000000000e+00 0.000000000000000000e+00 0.000000000000000000e+00 1.000000000000000000e+00 2.681087713975903973e-03 -3.081540610345412465e-03 1.535890981570702321e-02 -1.334206017403658136e-02 -1.549973656045057317e-02 -3.835459940255555103e-03
7.249230758961896504e-01 -6.881850554018641430e-01 -2.979703936199323833e-02 5.451812314511663704e-01 -6.800463558825444732e-01 -7.218954195393171291e-01 1.280779336928298262e-01 -2.396429607807170625e-01 -1.096516661254120784e-01 -7.258328161282216751e-02 -9.913163871066769106e-01 1.924237329634809202e-01 0.000000000000000000e+00 0.000000000000000000e+00 0.000000000000000000e+00 1.000000000000000000e+00 1.597858203139598853e-03 -4.149547782768958117e-03 1.329083115672699718e-02 -1.325036198012461558e-02 -1.768492224159663034e-02 -3.433240560974989281e-03
7.249483007602686158e-01 -6.881663003007826296e-01 -2.961594764872899077e-02 5.452079549983012141e-01 -6.800565168709507002e-01 -7.219109330242260425e-01 1.279364632989423156e-01 -2.396583047454587390e-01 -1.094216390214906576e-01 -7.260680347201958762e-02 -9.913400814066917199e-01 1.925789068892230504e-01 0.000000000000000000e+00 0.000000000000000000e+00 0.000000000000000000e+00 1.000000000000000000e+00 2.826867145677347190e-03 -1.769658901141790003e-03 1.714364647242935108e-02 -1.559471806837345147e-02 -1.888661206053483116e-02 7.863821530285241721e-04
7.249837968702038671e-01 -6.881350872461216017e-01 -2.947195236891231307e-02 5.452349789562052074e-01 -6.800486798076900152e-01 -7.219387812214053124e-01 1.278209265354063873e-01 -2.396644719542668223e-01 -1.092350098067498831e-01 -7.262573833927225830e-02 -9.913592763288164855e-01 1.927302267829136273e-01 0.000000000000000000e+00 0.000000000000000000e+00 0.000000000000000000e+00 1.000000000000000000e+00 4.858760143243391269e-03 9.571521971819850006e-04 1.661042885081583098e-02 -1.293247750672880253e-02 -2.108134009144441504e-02 6.454869537679851395e-03
7.250256173054649977e-01 -6.880958079835833852e-01 -2.936006277665453856e-02 5.452601716408859156e-01 -6.800293027817765346e-01 -7.219756367797313112e-01 1.277158065966485234e-01 -2.396599832537689434e-01 -1.090779611514639813e-01 -7.263152849776283171e-02 -9.913761442858701756e-01 1.928760103841837548e-01 0.000000000000000000e+00 0.000000000000000000e+00 0.000000000000000000e+00 1.000000000000000000e+00 1.882239396777561288e-03 -2.848390014794364208e-03 1.465745124342956833e-02 -1.284410638076531781e-02 -1.493865700880675322e-02 -1.298886666754240976e-03
7.250777038393644292e-01 -6.880466853100928315e-01 -2.922468526483440465e-02 5.452944995378021797e-01 -6.800014173055735078e-01 -7.220198375755449982e-01 1.276143667844429341e-01 -2.396498609454253692e-01 -1.089054445720946396e-01 -7.265750464458164970e-02 -9.913932071390123557e-01 1.930308887973777310e-01 0.000000000000000000e+00 0.000000000000000000e+00 0.000000000000000000e+00 1.000000000000000000e+00 5.749708535691275268e-03 4.048043395902405778e-03 1.696343165687526702e-02 -1.105531767212245345e-02 -2.196223707700402025e-02 1.019504029350274364e-02
7.251157997639184893e-01 -6.880136388159343586e-01 -2.905700837990943253e-02 5.453260257757239771e-01 -6.799952309340175916e-01 -7.220489753922164633e-01 1.274824028720916158e-01 -2.396633353320283266e-01 -1.086902150137032119e-01 -7.268087739087453203e-02 -9.914151134726399972e-01 1.931861573428831913e-01 0.000000000000000000e+00 0.000000000000000000e+00 0.000000000000000000e+00 1.000000000000000000e+00 3.955203083770402958e-03 9.031635636284078474e-04 1.486054029603524687e-02 -1.025754254871972734e-02 -1.781017109738321572e-02 5.381651428419125145e-03
7.251546309142822277e-01 -6.879811130061124214e-01 -2.885739784599189450e-02 5.453595419919223808e-01 -6.799929262725907808e-01 -7.220761351563036445e-01 1.273407839498963412e-01 -2.396705675730710083e-01 -1.084452925802222301e-01 -7.271893277961402613e-02 -9.914391435345812909e-01 1.933307463634761636e-01 0.000000000000000000e+00 0.000000000000000000e+00 0.000000000000000000e+00 1.000000000000000000e+00 3.214831712811437939e-03 2.123120207440918380e-04 1.331578795948819109e-02 -1.282426644549413200e-02 -1.790546829710875851e-02 3.643453493917690224e-03
7.251880167816181499e-01 -6.879547121586756520e-01 -2.864706503322261844e-02 5.453924200248143617e-01 -6.799977522942349806e-01 -7.220969969266539668e-01 1.271966347994170354e-01 -2.396805284409780357e-01 -1.081914839122377070e-01 -7.276153549906687334e-02 -9.914637470733289604e-01 1.934867724633776709e-01 0.000000000000000000e+00 0.000000000000000000e+00 0.000000000000000000e+00 1.000000000000000000e+00 4.015836414080499114e-03 6.071678529379355947e-04 1.637681340090713436e-02 -1.400592903689660065e-02 -2.254125832205961660e-02 4.295586763714299809e-03
7.252387409540694829e-01 -6.879093805375899873e-01 -2.845088377792437395e-02 5.454268571324523140e-01 -6.799811068861245644e-01 -7.221355292501223655e-01 1.270668000406346976e-01 -2.396781475557255292e-01 -1.079558377174519301e-01 -7.280770263533091480e-02 -9.914860440468580283e-01 1.936401101693331350e-01 0.000000000000000000e+00 0.000000000000000000e+00 0.000000000000000000e+00 1.000000000000000000e+00 3.684286994073486012e-03 -6.144923602258675925e-04 1.773353471280523369e-02 -1.632481622542908406e-02 -2.428508060516288564e-02 4.065899039555478239e-03
7.252747396070264863e-01 -6.878779973695490213e-01 -2.829156805160426558e-02 5.454556457392598645e-01 -6.799735101695838502e-01 -7.221620846312013509e-01 1.269564846267103586e-01 -2.396760009835837146e-01 -1.077616701597316484e-01 -7.284081449280968568e-02 -9.915047343247582745e-01 1.937790565091159767e-01 0.000000000000000000e+00 0.000000000000000000e+00 0.000000000000000000e+00 1.000000000000000000e+00 3.303401903632974083e-03 5.090663270216579843e-04 1.584395197124313648e-02 -1.226993377912076119e-02 -1.888758686499903208e-02 2.876445984244547886e-03
7.253226637858325443e-01 -6.878335235545995907e-01 -2.814386741526286873e-02 5.454860232723224289e-01 -6.799524477493213981e-01 -7.222020046215962275e-01 1.268421590807018717e-01 -2.396737297629962793e-01 -1.075718466808594787e-01 -7.286500116662070203e-02 -9.915235697685951255e-01 1.939234706637381622e-01 0.000000000000000000e+00 0.000000000000000000e+00 0.000000000000000000e+00 1.000000000000000000e+00 1.907583120226192738e-03 -7.236902245220643297e-05 9.841965584996822947e-03 -8.328167736856597475e-03 -1.090065936268559861e-02 -1.907702155163887650e-03
7.253438515184671420e-01 -6.878136425994374470e-01 -2.808362723099971925e-02 5.455056068439521066e-01 -6.799429908040754977e-01 -7.222205102909546870e-01 1.267874748209852909e-01 -2.396738451133377246e-01 -1.074887264821997868e-01 -7.286924981888145969e-02 -9.915322718449804951e-01 1.940304925487347232e-01 0.000000000000000000e+00 0.000000000000000000e+00 0.000000000000000000e+00 1.000000000000000000e+00 2.525372328555556579e-03 1.519087279940357915e-03 1.163653531295066532e-02 -3.587402293237499772e-03 -6.197011975941786252e-03 4.301559520570891020e-03
7.253794482403678190e-01 -6.877826930459307597e-01 -2.792173377472628726e-02 5.455327249533123979e-01 -6.799364340970209808e-01 -7.222467896686878275e-01 1.266728873938760269e-01 -2.396746766176917343e-01 -1.072898022084437519e-01 -7.290090506819030258e-02 -9.915514895265458151e-01 1.941632679231093395e-01 0.000000000000000000e+00 0.000000000000000000e+00 0.000000000000000000e+00 1.000000000000000000e+00 2.241699007934929832e-03 -1.710588304207304611e-03 1.308265642585649743e-02 -1.288206391927848755e-02 -1.763117615772173338e-02 -6.062864204666484121e-04
7.254333563793087247e-01 -6.877319879675178882e-01 -2.776973493745549249e-02 5.455656728849669346e-01 -6.799066400864786086e-01 -7.222903416846021551e-01 1.265844503699256884e-01 -2.396614501518624651e-01 -1.071139870351500017e-01 -7.294775551986783235e-02 -9.915670520676085342e-01 1.942770486439390210e-01 0.000000000000000000e+00 0.000000000000000000e+00 0.000000000000000000e+00 1.000000000000000000e+00 3.393326053753972088e-03 1.797968678268836110e-03 1.193821830440957958e-02 -7.862999672396083981e-03 -1.474260855718158465e-02 7.245687518496088733e-03
7.254895134122494316e-01 -6.876798527740143330e-01 -2.759322412418319104e-02 5.456050277674076021e-01 -6.798788190135368614e-01 -7.223346341049720065e-01 1.264810967267228636e-01 -2.396500244516245881e-01 -1.069100434272470534e-01 -7.300066068979232936e-02 -9.915851683810311679e-01 1.943982231475762656e-01 0.000000000000000000e+00 0.000000000000000000e+00 0.000000000000000000e+00 1.000000000000000000e+00 3.040227030144082056e-03 -1.076261227757474875e-05 1.233692299928050573e-02 -1.069632671778391643e-02 -1.769199132691297999e-02 3.429656913283298057e-03
7.255373738601016420e-01 -6.876373592901401377e-01 -2.739308746143304107e-02 5.456491313567367607e-01 -6.798649556798197491e-01 -7.223700589163695174e-01 1.263532350976325214e-01 -2.396438305391954682e-01 -1.066731511237190566e-01 -7.305039417856371009e-02 -9.916070182989291659e-01 1.945377815055340798e-01 0.000000000000000000e+00 0.000000000000000000e+00 0.000000000000000000e+00 1.000000000000000000e+00 5.105290423875144361e-03 1.935847384774066647e-03 1.417938707253003569e-02 -1.162469427590773208e-02 -2.150667297410862114e-02 5.172945404253264517e-03
7.255683277540330156e-01 -6.876110750964545826e-01 -2.723253871590991526e-02 5.456744389827711261e-01 -6.798631056805908290e-01 -7.223922014000193625e-01 1.262365434047353907e-01 -2.396523310756212832e-01 -1.064742189196878908e-01 -7.307883935265785391e-02 -9.916263025678124787e-01 1.946554266675823708e-01 0.000000000000000000e+00 0.000000000000000000e+00 0.000000000000000000e+00 1.000000000000000000e+00 2.432314001057773317e-03 -1.848733533372043879e-04 1.091438280681833288e-02 -1.072759423163733954e-02 -1.480775502134225492e-02 1.583279512349522120e-03
7.256061835599540988e-01 -6.875766151190300102e-01 -2.709362879009952207e-02 5.457021777232858861e-01 -6.798493553416492530e-01 -7.224220165064859644e-01 1.261399385930022099e-01 -2.396454049396813113e-01 -1.063039059541205644e-01 -7.310833337014019384e-02 -9.916424008536233181e-01 1.947582531024090458e-01 0.000000000000000000e+00 0.000000000000000000e+00 0.000000000000000000e+00 1.000000000000000000e+00 2.136394553520081993e-03 -1.230120724607261745e-04 1.135554813073229828e-02 -1.118775337681418569e-02 -1.483830512569171180e-02 1.865899556564510047e-03
7.256507023201220763e-01 -6.875349122852829620e-01 -2.695927690390725884e-02 5.457296636844557458e-01 -6.798278145415104223e-01 -7.224587694902298018e-01 1.260455035389078104e-01 -2.396372437568893010e-01 -1.061376502379205444e-01 -7.313734186809923987e-02 -9.916580703178093925e-01 1.948608223048175492e-01 0.000000000000000000e+00 0.000000000000000000e+00 0.000000000000000000e+00 1.000000000000000000e+00 4.180483336452179080e-03 3.700041859453971366e-03 9.606847495009023311e-03 -9.760505618721732751e-03 -1.800346121480572714e-02 1.405286446125637856e-02
7.256876569724206583e-01 -6.875020535881037897e-01 -2.680206764446729784e-02 5.457607974500654491e-01 -6.798179935337680391e-01 -7.224865154009603163e-01 1.259393930884991908e-01 -2.396352650491185288e-01 -1.059477238339748273e-01 -7.317213524230337107e-02 -9.916758131761012063e-01 1.949749912372941707e-01 0.000000000000000000e+00 0.000000000000000000e+00 0.000000000000000000e+00 1.000000000000000000e+00 2.975269925470379155e-03 4.005712333568295846e-04 1.053439931374580869e-02 -9.086736411286159415e-03 -1.380584280408801538e-02 5.435002864984840240e-03
7.257116096413223083e-01 -6.874837756117085918e-01 -2.662175618681794642e-02 5.457899550750735518e-01 -6.798262611800047761e-01 -7.225003107161018789e-01 1.258155619355253718e-01 -2.396458349847269409e-01 -1.057303846669281067e-01 -7.320764499562745775e-02 -9.916963882521592222e-01 1.950960934957906567e-01 0.000000000000000000e+00 0.000000000000000000e+00 0.000000000000000000e+00 1.000000000000000000e+00 2.876191279681859433e-03 -2.177787015271392696e-03 1.258727241773248406e-02 -1.257588319062360668e-02 -1.906422110170558765e-02 -1.552120364184828493e-03
7.257382077647536178e-01 -6.874617612644996489e-01 -2.646470459906263839e-02 5.458187022929055221e-01 -6.798274359394058663e-01 -7.225180741276376883e-01 1.257071593145848709e-01 -2.396544019062561981e-01 -1.055400925452331801e-01 -7.323905623369056372e-02 -9.917143386618659795e-01 1.952004577307727418e-01 0.000000000000000000e+00 0.000000000000000000e+00 0.000000000000000000e+00 1.000000000000000000e+00 4.107241573678420930e-03 3.644766953911085993e-04 1.272128656939036651e-02 -1.287331533815559183e-02 -1.961532191666055108e-02 4.969782343823433979e-03
7.257498908465332965e-01 -6.874550875394982441e-01 -2.631726718916627128e-02 5.458395187499779366e-01 -6.798422792177500895e-01 -7.225215190340855687e-01 1.256070456650110190e-01 -2.396709260777685757e-01 -1.053639944395601963e-01 -7.326770877227191392e-02 -9.917309471459493375e-01 1.953019150651234548e-01 0.000000000000000000e+00 0.000000000000000000e+00 0.000000000000000000e+00 1.000000000000000000e+00 1.862283920053522035e-03 -2.419259083569739229e-03 1.189193802411522317e-02 -1.144897190917767288e-02 -1.597354048820462391e-02 -1.855151073977021319e-03
7.257680198180390674e-01 -6.874414266898802861e-01 -2.617377083999050669e-02 5.458598266220969775e-01 -6.798505156404517358e-01 -7.225322358418728719e-01 1.255007751081883005e-01 -2.396859395036476659e-01 -1.051858250564899622e-01 -7.329019743407634568e-02 -9.917481984693794494e-01 1.954100786220792085e-01 0.000000000000000000e+00 0.000000000000000000e+00 0.000000000000000000e+00 1.000000000000000000e+00 1.512034581401461037e-03 -2.320365939487819152e-03 9.855263688679456735e-03 -1.015385680525690906e-02 -1.283266934250228489e-02 4.495632395377902567e-05
7.257770527164187913e-01 -6.874373275936422889e-01 -2.603056628619687674e-02 5.458766588141753529e-01 -6.798680152716860547e-01 -7.225338631106349441e-01 1.253965648212129746e-01 -2.397003517161034047e-01 -1.050102450278408706e-01 -7.331259979930855597e-02 -9.917651491910064454e-01 1.955233524878463303e-01 0.000000000000000000e+00 0.000000000000000000e+00 0.000000000000000000e+00 1.000000000000000000e+00 6.601700749861645926e-04 -1.376106213828040764e-04 9.294042508196752664e-03 -5.528595746133182880e-03 -4.745232793344100752e-03 1.814391317388756820e-03
7.257907847934927936e-01 -6.874285293579427414e-01 -2.587960072377165632e-02 5.458949446188753329e-01 -6.798823507664502053e-01 -7.225400244307426112e-01 1.252832878396290539e-01 -2.397173659809898605e-01 -1.048223536519359705e-01 -7.333437202565845636e-02 -9.917834159000999961e-01 1.956361793952877126e-01 0.000000000000000000e+00 0.000000000000000000e+00 0.000000000000000000e+00 1.000000000000000000e+00 8.835497207070917370e-04 2.672014220927428703e-04 8.621572875450046747e-03 -7.648441880168208896e-03 -1.082421036426690041e-02 8.555021249897131960e-05
7.258165736518493727e-01 -6.874068078836217399e-01 -2.573289504775272407e-02 5.459169628267581675e-01 -6.798832302377817438e-01 -7.225584046721789111e-01 1.251724613444781253e-01 -2.397292632424621317e-01 -1.046379216810445351e-01 -7.335688320018184105e-02 -9.918012265738667121e-01 1.957472249901269223e-01 0.000000000000000000e+00 0.000000000000000000e+00 0.000000000000000000e+00 1.000000000000000000e+00 2.662398256558822646e-03 -8.826080805756099899e-04 1.141845827865933978e-02 -1.146301730530898365e-02 -1.628933782754839188e-02 2.009425161914799723e-03
7.258213636823989123e-01 -6.874088342705464427e-01 -2.554295576144399726e-02 5.459406349158086869e-01 -6.799134568620275321e-01 -7.225533270191578650e-01 1.250375175356321644e-01 -2.397615298516682925e-01 -1.044080418365864182e-01 -7.338790213893722769e-02 -9.918231579366836304e-01 1.958737648536423015e-01 0.000000000000000000e+00 0.000000000000000000e+00 0.000000000000000000e+00 1.000000000000000000e+00 3.387995585478962169e-03 -2.833631852272103669e-03 1.456352565241062283e-02 -1.502629552710554178e-02 -2.200096128451442534e-02 -1.052259531099598161e-03
7.258195234170060628e-01 -6.874174262150971604e-01 -2.536339020166600289e-02 5.459644749262654306e-01 -6.799486906838949629e-01 -7.225422961597196547e-01 1.249096005017094335e-01 -2.397956072512481274e-01 -1.041911582811480413e-01 -7.341602274743169732e-02 -9.918438839555251407e-01 1.959901786901386278e-01 0.000000000000000000e+00 0.000000000000000000e+00 0.000000000000000000e+00 1.000000000000000000e+00 3.230004116597162342e-03 -2.679541033800359774e-03 1.137012354713991605e-02 -1.257817780609403122e-02 -1.923413672903729471e-02 -2.562507349201582907e-03
7.258273607190001142e-01 -6.874163692815860038e-01 -2.516699575660064081e-02 5.459906955544964191e-01 -6.799761776038401040e-01 -7.225395882592977603e-01 1.247755636707573446e-01 -2.398277208157574003e-01 -1.039569157053131104e-01 -7.345256048502601942e-02 -9.918657575676418370e-01 1.961208991023868364e-01 0.000000000000000000e+00 0.000000000000000000e+00 0.000000000000000000e+00 1.000000000000000000e+00 1.873811774435529126e-03 -2.518133549135285511e-03 1.291289437321531397e-02 -1.261003518443641613e-02 -1.787939671230642444e-02 4.996022989990874571e-04
7.258460980214754832e-01 -6.874038797884340912e-01 -2.496693891541562627e-02 5.460313321998225833e-01 -6.799934257937660931e-01 -7.225479701212487171e-01 1.246329480952814706e-01 -2.398482468833613157e-01 -1.037129831036417982e-01 -7.348698473519604812e-02 -9.918887438671096790e-01 1.962725310970898918e-01 0.000000000000000000e+00 0.000000000000000000e+00 0.000000000000000000e+00 1.000000000000000000e+00 3.246505290867107100e-03 -4.982614857819697230e-04 1.112736662818429936e-02 -1.055944239794189173e-02 -1.509501407313317001e-02 -9.413783524076695455e-05
7.258834058882459583e-01 -6.873712263929591115e-01 -2.478060094346684616e-02 5.460680459214727334e-01 -6.799876700464921875e-01 -7.225748492353991637e-01 1.245084568902165290e-01 -2.398548756525750725e-01 -1.034893696996112417e-01 -7.352811965146018036e-02 -9.919090512641257629e-01 1.964104664985070470e-01 0.000000000000000000e+00 0.000000000000000000e+00 0.000000000000000000e+00 1.000000000000000000e+00 5.033670790786556534e-03 2.928786417835831535e-03 1.415872598167363695e-02 -1.152934884888615584e-02 -2.106061621236204884e-02 8.329088591058296173e-03
7.259146780810779020e-01 -6.873446883347950065e-01 -2.459999114610927906e-02 5.460982914187568760e-01 -6.799888158984315201e-01 -7.225972908066263800e-01 1.243718841699076594e-01 -2.398678221064072802e-01 -1.032622409184219825e-01 -7.355565740898090121e-02 -9.919306804730048110e-01 1.965625138510889436e-01 0.000000000000000000e+00 0.000000000000000000e+00 0.000000000000000000e+00 1.000000000000000000e+00 3.602087814294809877e-03 2.004578591331179684e-04 1.521918865507658133e-02 -1.353689263445069686e-02 -2.224434398388089665e-02 3.707595928606320038e-03
7.259379904642211390e-01 -6.873250049554899821e-01 -2.446163452642857727e-02 5.461175178847427203e-01 -6.799925987896915380e-01 -7.226155032543171153e-01 1.242453220356863619e-01 -2.398812788486758552e-01 -1.030732729276129939e-01 -7.356066897089631740e-02 -9.919499626435519524e-01 1.967135370193881516e-01 0.000000000000000000e+00 0.000000000000000000e+00 0.000000000000000000e+00 1.000000000000000000e+00 1.610653595011813559e-03 -5.648208726930538381e-04 1.304205831864511944e-02 -9.829382054719689940e-03 -9.915156911967015416e-03 8.688763137052666046e-04
7.259537697433716685e-01 -6.873140186663826423e-01 -2.430152135269170177e-02 5.461359577686187849e-01 -6.800078532687106048e-01 -7.226249385837705264e-01 1.241068798644199833e-01 -2.399060058474100920e-01 -1.028612837187415918e-01 -7.357063192245578975e-02 -9.919712286302778681e-01 1.968710520482939708e-01 0.000000000000000000e+00 0.000000000000000000e+00 0.000000000000000000e+00 1.000000000000000000e+00 1.889414271725931103e-03 -2.478052923107289078e-03 1.536247493117634706e-02 -1.404725840337758477e-02 -1.568853232819815771e-02 1.219742861821804681e-03
7.259586599424026065e-01 -6.873141746051072420e-01 -2.415055778923641538e-02 5.461532689302925903e-01 -6.800335955445686587e-01 -7.226246445640966964e-01 1.239674634706183221e-01 -2.399374526259153151e-01 -1.026563830716682724e-01 -7.357206300976759650e-02 -9.919923480345651523e-01 1.970259031682457529e-01 0.000000000000000000e+00 0.000000000000000000e+00 0.000000000000000000e+00 1.000000000000000000e+00 1.686263219893112094e-03 -3.641787532149343316e-03 1.612504436056540549e-02 -1.343311519880321069e-02 -1.321462185172090145e-02 -2.012520807263528441e-03
7.259644542763226127e-01 -6.873131606501161617e-01 -2.400479794599863492e-02 5.461691382226500080e-01 -6.800571967598606493e-01 -7.226254032429598739e-01 1.238335000033093658e-01 -2.399692982512726946e-01 -1.024588710771336120e-01 -7.357408365108680792e-02 -9.920126178393610106e-01 1.971809567538283514e-01 0.000000000000000000e+00 0.000000000000000000e+00 0.000000000000000000e+00 1.000000000000000000e+00 1.704076722446092431e-03 -3.312131469557297835e-03 1.443088314721909654e-02 -1.420106367879220809e-02 -1.719955664526740674e-02 -1.222611417702521627e-03
7.259841232114347953e-01 -6.872978322692520070e-01 -2.384832494980221318e-02 5.461888356045372372e-01 -6.800676089138817382e-01 -7.226390392283698061e-01 1.236966704857255794e-01 -2.399893299108752653e-01 -1.022501841126942368e-01 -7.358334554153996010e-02 -9.920334626956062163e-01 1.973395493055394856e-01 0.000000000000000000e+00 0.000000000000000000e+00 0.000000000000000000e+00 1.000000000000000000e+00 1.843438214444995376e-03 -1.899934133625865405e-03 1.417546930128264077e-02 -1.158993536479021279e-02 -1.255840094504781859e-02 2.562979964915879246e-04
7.260199826964492953e-01 -6.872668402012037658e-01 -2.364899755381322244e-02 5.462224166455875718e-01 -6.800670366244039311e-01 -7.226654298583106151e-01 1.235455470043524684e-01 -2.399986760793785256e-01 -1.019990706935552105e-01 -7.361363221276380486e-02 -9.920570662669032647e-01 1.975215780842743130e-01 0.000000000000000000e+00 0.000000000000000000e+00 0.000000000000000000e+00 1.000000000000000000e+00 4.772858364360255991e-03 -3.970351159051505041e-04 1.908122109706404321e-02 -1.773019100290131045e-02 -2.643122475051765813e-02 3.924663932246750392e-03
7.260674940334159722e-01 -6.872231159536761336e-01 -2.346024311373795523e-02 5.462625949684123405e-01 -6.800526391235732770e-01 -7.227042345957201963e-01 1.233977200700126509e-01 -2.400014151496424331e-01 -1.017565827310371041e-01 -7.364087313669290258e-02 -9.920799462112752654e-01 1.977077333509104917e-01 0.000000000000000000e+00 0.000000000000000000e+00 0.000000000000000000e+00 1.000000000000000000e+00 2.915479324840045822e-03 3.846667971651546126e-04 1.602424810193075339e-02 -9.907538768725855996e-03 -9.433023098859370792e-03 3.260772474866073870e-03
7.261018616256013081e-01 -6.871946323126429945e-01 -2.322980552064818349e-02 5.462980046346175289e-01 -6.800600960860372357e-01 -7.227285022111396007e-01 1.232143571305403529e-01 -2.400208051394489284e-01 -1.014610873945545610e-01 -7.366851031705504149e-02 -9.921081585857361995e-01 1.979190569688283607e-01 0.000000000000000000e+00 0.000000000000000000e+00 0.000000000000000000e+00 1.000000000000000000e+00 3.251430623264127406e-03 -2.776001025860466709e-03 2.123044829610446285e-02 -1.821568941845549267e-02 -2.333179885713116200e-02 -4.804544539990420870e-04
7.261370018656526648e-01 -6.871649215606301375e-01 -2.300923940799143308e-02 5.463300127080299440e-01 -6.800659162861362184e-01 -7.227548693389356238e-01 1.230274292698821381e-01 -2.400430073329731795e-01 -1.011701736059556211e-01 -7.368696915622816035e-02 -9.921364959263971883e-01 1.981297636201288237e-01 0.000000000000000000e+00 0.000000000000000000e+00 0.000000000000000000e+00 1.000000000000000000e+00 2.112728877380841939e-03 -2.053874937032509982e-03 1.697777072308326307e-02 -1.386539971883121725e-02 -1.426028137372926767e-02 1.806588769578589687e-03
7.261340404259171155e-01 -6.871756845191889784e-01 -2.278012160452164148e-02 5.463514175367101267e-01 -6.801148913385144379e-01 -7.227444069470786436e-01 1.228179824224293615e-01 -2.400971751215947858e-01 -1.008617366216410655e-01 -7.368921788362040037e-02 -9.921677324189528413e-01 1.983667464508810652e-01 0.000000000000000000e+00 0.000000000000000000e+00 0.000000000000000000e+00 1.000000000000000000e+00 1.843883228991203974e-03 -5.449569247232226472e-03 2.194035568322948507e-02 -1.934986247310529345e-02 -1.995130423340398321e-02 -3.960736166413694748e-03
7.261447511562741930e-01 -6.871703429417348463e-01 -2.259911833526245806e-02 5.463703611362816792e-01 -6.801403024499795835e-01 -7.227495084005732817e-01 1.226471242629843805e-01 -2.401331664469141258e-01 -1.006129681077100879e-01 -7.368899434832903994e-02 -9.921930068089015453e-01 1.985662458958434573e-01 0.000000000000000000e+00 0.000000000000000000e+00 0.000000000000000000e+00 1.000000000000000000e+00 1.742320256460812549e-03 -5.597750528928507191e-03 2.251962097815111280e-02 -1.988704032456108800e-02 -1.874511633855321935e-02 -5.094480092903842794e-03
7.261630223143971108e-01 -6.871574618878319995e-01 -2.240284792371766143e-02 5.463953844238568225e-01 -6.801605477651351261e-01 -7.227615300319861769e-01 1.224638720997087704e-01 -2.401721333249966228e-01 -1.003438801674120251e-01 -7.369120217295339892e-02 -9.922200927391325864e-01 1.987956549949242979e-01 0.000000000000000000e+00 0.000000000000000000e+00 0.000000000000000000e+00 1.000000000000000000e+00 2.417943066534640733e-03 -4.973045275474438122e-03 2.440838932216655988e-02 -1.936255579076665359e-02 -2.085958783568973504e-02 -7.193749780869092628e-04
7.261914691470920946e-01 -6.871340916467993942e-01 -2.219662665172078553e-02 5.464275136935868860e-01 -6.801708204183375406e-01 -7.227825233353701861e-01 1.222827829761835017e-01 -2.401965705061231138e-01 -1.000680028252464160e-01 -7.370321606064919595e-02 -9.922470613475675716e-01 1.990302888452253616e-01 0.000000000000000000e+00 0.000000000000000000e+00 0.000000000000000000e+00 1.000000000000000000e+00 2.964453109704657825e-03 -3.429127195335299715e-03 2.502616302453240446e-02 -2.017965169966758066e-02 -2.230666353185257675e-02 7.453538080511056593e-04
7.262533081886788366e-01 -6.870762047009169038e-01 -2.196409066598048465e-02 5.464722717172059152e-01 -6.801513195368249498e-01 -7.228359953625806966e-01 1.220750029305885942e-01 -2.402063588850630593e-01 -9.975126504118020376e-02 -7.371846947658952653e-02 -9.922778201596131886e-01 1.993010994147083048e-01 0.000000000000000000e+00 0.000000000000000000e+00 0.000000000000000000e+00 1.000000000000000000e+00 4.764247912763935715e-03 -9.483843141005147276e-04 2.574257066882803049e-02 -2.184664721204320620e-02 -2.843745387210996206e-02 6.096053254646519731e-03
7.263025512079082091e-01 -6.870305994704276609e-01 -2.176142229240246584e-02 5.465095070362282481e-01 -6.801388858364301182e-01 -7.228779019162558939e-01 1.218960003213043763e-01 -2.402147507968957485e-01 -9.947713346323869277e-02 -7.373258650323269436e-02 -9.923042908329480216e-01 1.995328118861473266e-01 0.000000000000000000e+00 0.000000000000000000e+00 0.000000000000000000e+00 1.000000000000000000e+00 4.511223187465416423e-03 -3.624853685185462551e-04 2.465386697627723958e-02 -1.848086982985313806e-02 -2.357045058285214822e-02 5.578525640688124058e-03
