7.127216277740886508e-01 -7.011324264022060770e-01 -2.100480779270919029e-02 5.783004035510018737e-01 -7.012871330029313288e-01 -7.128789217556605884e-01 1.007895998744734456e-06 -1.058475598815936669e-01 -1.497459139951864276e-02 1.472968308694989036e-02 -9.997793746865231146e-01 1.896348824002209721e-01 0.000000000000000000e+00 0.000000000000000000e+00 0.000000000000000000e+00 1.000000000000000000e+00 -3.462402937834881426e-04 -5.315630064792772717e-04 -2.984455615848918635e-04 1.155209827333316742e-04 1.018512137133643696e-03 -1.667017306162936387e-03
7.127357101047242516e-01 -7.011186035598214739e-01 -2.098836067539461281e-02 5.783048226738293218e-01 -7.012730407702167934e-01 -7.128927845630430582e-01 2.616214505909986165e-06 -1.058391314283930462e-01 -1.496428516195654791e-02 1.471670684211239671e-02 -9.997797200930388373e-01 1.896430189304817715e-01 0.000000000000000000e+00 0.000000000000000000e+00 0.000000000000000000e+00 1.000000000000000000e+00 4.824971431343058116e-04 8.993589497298710858e-04 6.508065952473019453e-04 4.729569599347495986e-04 -1.476677558104949215e-03 3.951996426134533197e-03
7.127310811856008010e-01 -7.011236445069223278e-01 -2.097715484367124184e-02 5.783062018715298125e-01 -7.012779624146585622e-01 -7.128879431098654740e-01 -3.606400518496588603e-07 -1.058400013732484074e-01 -1.495410791553438562e-02 1.471107344540061035e-02 -9.997799552774273568e-01 1.896477135340520759e-01 0.000000000000000000e+00 0.000000000000000000e+00 0.000000000000000000e+00 1.000000000000000000e+00 6.129930100792156103e-04 -1.850249808292294090e-04 1.421709788177284673e-03 -1.753503593393258256e-04 -2.694329806786100248e-03 -1.360527059041176942e-03
7.127309269165954531e-01 -7.011241021630039150e-01 -2.096709762299253654e-02 5.783088869265049503e-01 -7.012783090802108266e-01 -7.128876020843681882e-01 -2.828369621843407344e-06 -1.058374600089143219e-01 -1.494520090901231037e-02 1.470578663387413568e-02 -9.997801662411933687e-01 1.896536922550867144e-01 0.000000000000000000e+00 0.000000000000000000e+00 0.000000000000000000e+00 1.000000000000000000e+00 -1.904320083926502448e-04 -2.168147203332787665e-06 -6.953134695962341063e-04 1.878528759749006514e-04 1.169913704846697140e-03 -9.899238701822905655e-04
7.127278970208116293e-01 -7.011279695205177021e-01 -2.094075367142567146e-02 5.783118142752667890e-01 -7.012818531883433515e-01 -7.128841156449030603e-01 -7.064513860996490813e-06 -1.058422173506216174e-01 -1.492337753373289277e-02 1.469040561796554865e-02 -9.997807183506617346e-01 1.896680461874829804e-01 0.000000000000000000e+00 0.000000000000000000e+00 0.000000000000000000e+00 1.000000000000000000e+00 5.569037119266745991e-04 -1.642050859451821276e-03 3.539697848113822296e-03 -1.330561766444840824e-03 -5.901310006506752491e-03 -4.507098737759375473e-03
7.127438530049959864e-01 -7.011125905197698183e-01 -2.091256603696517447e-02 5.783184089498716318e-01 -7.012661043923295034e-01 -7.128996077465894476e-01 -1.025501380882976044e-05 -1.058356678040945076e-01 -1.490137020542993407e-02 1.467258291564470588e-02 -9.997813083252677924e-01 1.896843399299026067e-01 0.000000000000000000e+00 0.000000000000000000e+00 0.000000000000000000e+00 1.000000000000000000e+00 9.327359373013549863e-04 5.880353515574192336e-04 1.254817904551236082e-03 -4.779272108123753756e-04 -2.746557751499478697e-03 1.753128358337629599e-03
7.127452441887213164e-01 -7.011119059363655204e-01 -2.088808848690365538e-02 5.783213957913300174e-01 -7.012650774945436982e-01 -7.129006178681480677e-01 -1.139228806701364505e-05 -1.058330627384000688e-01 -1.488314391959867818e-02 1.465620679062170154e-02 -9.997818200135362154e-01 1.896994795070223172e-01 0.000000000000000000e+00 0.000000000000000000e+00 0.000000000000000000e+00 1.000000000000000000e+00 6.095806436018020354e-04 1.788216189136567760e-03 2.622462162205476798e-03 7.079784259266530544e-04 -3.954466496651468446e-03 4.121154508348848396e-03
7.127368253704556844e-01 -7.011211179411813710e-01 -2.086613854437030513e-02 5.783246977436433678e-01 -7.012740813444576782e-01 -7.128917607025303527e-01 -1.889267701822572310e-05 -1.058384605876721701e-01 -1.486205219112722575e-02 1.464634764555020931e-02 -9.997822782512771900e-01 1.897109327845950821e-01 0.000000000000000000e+00 0.000000000000000000e+00 0.000000000000000000e+00 1.000000000000000000e+00 6.250048139427742590e-04 -6.713147771356216731e-05 1.237406581782128255e-03 -5.587369228363156092e-04 -2.836703644090690819e-03 -5.627853421034973314e-04
7.127487906345622015e-01 -7.011097128806691448e-01 -2.084063226858900997e-02 5.783299506717685112e-01 -7.012623417500825074e-01 -7.129033087123219925e-01 -2.168441683990385282e-05 -1.058330010145366179e-01 -1.484215254466932088e-02 1.463020613010136348e-02 -9.997828102025116959e-01 1.897249746114048063e-01 0.000000000000000000e+00 0.000000000000000000e+00 0.000000000000000000e+00 1.000000000000000000e+00 5.479234601031113911e-04 1.755984155538594304e-03 9.142633243673666367e-04 1.541715216584728051e-04 -1.935380280615501105e-03 4.548474856529411900e-03
7.127459399014794972e-01 -7.011135260197083330e-01 -2.080982427048855277e-02 5.783345758468878550e-01 -7.012657461172061568e-01 -7.128999598294786244e-01 -2.445007029013013256e-05 -1.058326103382207506e-01 -1.481818061149716217e-02 1.461064363194164092e-02 -9.997834518614645560e-01 1.897429923659729178e-01 0.000000000000000000e+00 0.000000000000000000e+00 0.000000000000000000e+00 1.000000000000000000e+00 4.265205242049265391e-04 1.361108760524187876e-03 1.267739072424700934e-03 3.457886512231928607e-04 -2.411814674311264783e-03 1.411629613512352648e-03
7.127445123177736930e-01 -7.011158074878348634e-01 -2.078183465386201911e-02 5.783392692191243745e-01 -7.012677395864237440e-01 -7.128979985619867676e-01 -3.258314174760246207e-05 -1.058374934830744740e-01 -1.479248377544738723e-02 1.459685366764718051e-02 -9.997840338226842150e-01 1.897571391545170572e-01 0.000000000000000000e+00 0.000000000000000000e+00 0.000000000000000000e+00 1.000000000000000000e+00 3.534905939873242572e-04 2.680544965711566903e-04 1.039295022063981477e-03 -2.552561985332963399e-04 -1.470588024995002916e-03 1.365004152397192479e-03
7.127429832314572389e-01 -7.011182219072463750e-01 -2.075280135171797546e-02 5.783420045548677280e-01 -7.012697982039526323e-01 -7.128959733000320709e-01 -3.714279531959185920e-05 -1.058429928618336291e-01 -1.476854702772405735e-02 1.457978608282759284e-02 -9.997846367375670118e-01 1.897759541817897466e-01 0.000000000000000000e+00 0.000000000000000000e+00 0.000000000000000000e+00 1.000000000000000000e+00 1.149820898599619810e-03 -8.828605224217975136e-04 5.118765449961049270e-03 -8.483349736225824717e-04 -8.565183644827644924e-03 -6.124234772036561084e-04
7.127358297708299428e-01 -7.011262274446967702e-01 -2.072800400554503097e-02 5.783464676532202864e-01 -7.012775200888289318e-01 -7.128883769767759837e-01 -4.230225164594814125e-05 -1.058454795679563132e-01 -1.474709391537211770e-02 1.456623357582790754e-02 -9.997851509501758382e-01 1.897880396005163228e-01 0.000000000000000000e+00 0.000000000000000000e+00 0.000000000000000000e+00 1.000000000000000000e+00 -2.186799166889589238e-04 -4.184856065571298969e-04 -9.495072834405233727e-05 7.079138823469154854e-04 3.568535602534079229e-04 -2.989373426390691448e-03
7.127367338052189583e-01 -7.011267489283314891e-01 -2.067922198384197774e-02 5.783544439548935490e-01 -7.012774945081668987e-01 -7.128884013979341905e-01 -5.337270474371769158e-05 -1.058483772857319732e-01 -1.470455647125551088e-02 1.453991366846018284e-02 -9.997861606011044788e-01 1.898149365291465773e-01 0.000000000000000000e+00 0.000000000000000000e+00 0.000000000000000000e+00 1.000000000000000000e+00 1.271629424639250227e-03 -6.047834831819593002e-04 3.929256198050605324e-03 -1.282386379717394840e-03 -7.209453189858053106e-03 -6.212805569502249676e-04
7.127402121563954918e-01 -7.011245964829695421e-01 -2.063226070621648756e-02 5.783602888463610370e-01 -7.012747830173406971e-01 -7.128910680348664597e-01 -6.180686978055072167e-05 -1.058495338026493038e-01 -1.466522005419352258e-02 1.451293639138914043e-02 -9.997871303422851685e-01 1.898462169084374207e-01 0.000000000000000000e+00 0.000000000000000000e+00 0.000000000000000000e+00 1.000000000000000000e+00 1.010039813173561592e-03 -1.977896080923161222e-03 4.768633485919999970e-03 -1.399770010340088211e-03 -7.909498974480538847e-03 -2.745789292539069573e-03
7.127450440681371013e-01 -7.011205332647683086e-01 -2.060339755564455366e-02 5.783639601760153237e-01 -7.012703920038879657e-01 -7.128953869006127153e-01 -6.807744869642695651e-05 -1.058485073122794051e-01 -1.464033657476497031e-02 1.449707454462991277e-02 -9.997877251570079782e-01 1.898667624941508536e-01 0.000000000000000000e+00 0.000000000000000000e+00 0.000000000000000000e+00 1.000000000000000000e+00 -1.195479878316673485e-05 3.826337903492478608e-04 1.263343467663412441e-03 2.372369929155901849e-05 -1.302884583369391452e-03 2.607839384008143677e-03
7.127535045239230538e-01 -7.011134883984387889e-01 -2.055038137452314118e-02 5.783723329802279434e-01 -7.012626364395898593e-01 -7.129030155188484930e-01 -7.209665797049125135e-05 -1.058417456434705001e-01 -1.459988091258834601e-02 1.446260176817006256e-02 -9.997888160143789671e-01 1.898972087424327104e-01 0.000000000000000000e+00 0.000000000000000000e+00 0.000000000000000000e+00 1.000000000000000000e+00 3.612526783117101892e-04 -8.387860959566752249e-04 2.786974853937451355e-03 -9.196696067962619120e-04 -4.381461003620240949e-03 -1.568083385331547333e-03
7.127562404195745271e-01 -7.011119516129745710e-01 -2.050787771563383766e-02 5.783786853007288897e-01 -7.012605414010835148e-01 -7.129050759412309812e-01 -7.596766964494683361e-05 -1.058361171597751171e-01 -1.456690827913302913e-02 1.443551186046206948e-02 -9.997896884747881074e-01 1.899264190148013398e-01 0.000000000000000000e+00 0.000000000000000000e+00 0.000000000000000000e+00 1.000000000000000000e+00 4.086317001990587392e-05 -5.830999473736398321e-04 1.601051181134273416e-03 -4.348211079031931111e-04 -1.904117191955605366e-03 -2.512941479350334906e-03
7.127685618570046566e-01 -7.011010132575747900e-01 -2.045351895148744825e-02 5.783886964083730930e-01 -7.012489235721894865e-01 -7.129165029980870649e-01 -8.331761006512283796e-05 -1.058264224163025097e-01 -1.452323714406079068e-02 1.440239432109749820e-02 -9.997908014283173328e-01 1.899566750704008433e-01 0.000000000000000000e+00 0.000000000000000000e+00 0.000000000000000000e+00 1.000000000000000000e+00 8.845209918975966866e-04 1.661886692506296887e-03 3.413735369529493149e-03 -7.568606144593536926e-05 -5.784700569393149208e-03 2.309522694864990684e-03
7.127768688456911361e-01 -7.010942958897199428e-01 -2.039420283880583051e-02 5.783991797488774456e-01 -7.012414690083137447e-01 -7.129238344886600354e-01 -9.143876262397709898e-05 -1.058239174357572115e-01 -1.447540609428207316e-02 1.436643619285194427e-02 -9.997920124353476545e-01 1.899912258640912843e-01 0.000000000000000000e+00 0.000000000000000000e+00 0.000000000000000000e+00 1.000000000000000000e+00 8.820131927026112059e-04 -8.166238005311964986e-04 3.230625814924994663e-03 -1.308819126082719480e-03 -5.154647244121172110e-03 -7.196971113446529438e-05
7.127875697327614724e-01 -7.010852318277838169e-01 -2.033170301392334123e-02 5.784080056425734417e-01 -7.012316190049467934e-01 -7.129335219050277894e-01 -9.925620690127978651e-05 -1.058181341487901134e-01 -1.442556557521778096e-02 1.432798161207932304e-02 -9.997932846347583613e-01 1.900282343301190058e-01 0.000000000000000000e+00 0.000000000000000000e+00 0.000000000000000000e+00 1.000000000000000000e+00 5.442291631696019854e-04 8.297535688653657517e-04 2.664869108424700039e-03 2.299031594279146338e-04 -4.034459131505411383e-03 1.448371978298714337e-03
7.127934320399355039e-01 -7.010821654406800274e-01 -2.023167174845313943e-02 5.784229134530519678e-01 -7.012273923425388356e-01 -7.129376762921159072e-01 -1.181172351537307375e-04 -1.058177101217817190e-01 -1.434111115684951615e-02 1.427119561232623700e-02 -9.997953118046621901e-01 1.900886498385754020e-01 0.000000000000000000e+00 0.000000000000000000e+00 0.000000000000000000e+00 1.000000000000000000e+00 1.467901780298765243e-03 1.168200030174830397e-03 6.316491166016895142e-03 -1.157665731732128228e-03 -1.026537496931132637e-02 3.237996258101496702e-03
7.127908629970046706e-01 -7.010869593495367980e-01 -2.015591868425137267e-02 5.784345455774030365e-01 -7.012312697724372157e-01 -7.129338605599698786e-01 -1.294619365040938774e-04 -1.058203457285291083e-01 -1.427907284528103816e-02 1.422623973783363263e-02 -9.997968404538999376e-01 1.901359127112421110e-01 0.000000000000000000e+00 0.000000000000000000e+00 0.000000000000000000e+00 1.000000000000000000e+00 1.051571328713712559e-03 -1.755676355533693700e-03 4.110957484718181544e-03 -1.861659748460407684e-03 -7.115822317427666563e-03 -3.062249995900948041e-03
7.128086354421112603e-01 -7.010716407924533211e-01 -2.006000288464904191e-02 5.784503644479518369e-01 -7.012147296722315293e-01 -7.129501268789760760e-01 -1.395490996104753467e-04 -1.058105792278563745e-01 -1.420394768556816276e-02 1.416584130325388054e-02 -9.997987681580313701e-01 1.901966141727390036e-01 0.000000000000000000e+00 0.000000000000000000e+00 0.000000000000000000e+00 1.000000000000000000e+00 1.553044996152789332e-03 5.918285790154420101e-04 6.182648049619883512e-03 -1.298931530049073774e-03 -1.003073673055196631e-02 2.951457305075602146e-03
7.128191836164201600e-01 -7.010639282818735829e-01 -1.995444638189242115e-02 5.784669329097611445e-01 -7.012056778402357970e-01 -7.129590273822336011e-01 -1.504619374188831404e-04 -1.058053066596195829e-01 -1.412121924748124813e-02 1.409942325653788103e-02 -9.998008788907906119e-01 1.902623877733179980e-01 0.000000000000000000e+00 0.000000000000000000e+00 0.000000000000000000e+00 1.000000000000000000e+00 1.944373946906011608e-03 -2.545055206759051455e-04 7.102911880526263828e-03 -2.172016272183000234e-03 -1.278015926508702625e-02 8.012150741442808626e-04
7.128164024670815557e-01 -7.010693882773233465e-01 -1.986175204627416147e-02 5.784807441370097836e-01 -7.012100376957284276e-01 -7.129547361752721635e-01 -1.649242347579044088e-04 -1.058068943881429469e-01 -1.404490685775630285e-02 1.404482060077096549e-02 -9.998027223435876909e-01 1.903254748963364995e-01 0.000000000000000000e+00 0.000000000000000000e+00 0.000000000000000000e+00 1.000000000000000000e+00 1.370166180620213149e-03 -1.298374005553900364e-03 6.080856223398718730e-03 -2.548022003674118782e-03 -1.062817212549628000e-02 -2.714194542268677512e-03
7.128170430340525776e-01 -7.010709001356404402e-01 -1.978525064771352593e-02 5.784943833305046246e-01 -7.012106474329043992e-01 -7.129541335600546592e-01 -1.771055017553285760e-04 -1.058087218149552089e-01 -1.398181271927464303e-02 1.399987223637186307e-02 -9.998042370836646153e-01 1.903911740142478770e-01 0.000000000000000000e+00 0.000000000000000000e+00 0.000000000000000000e+00 1.000000000000000000e+00 1.045603552865373258e-03 1.720110760989187147e-04 6.851525923540475668e-03 -3.755072574556437399e-04 -5.472428838169770236e-03 -3.885795653170041539e-04
7.128159493211843056e-01 -7.010736918018002362e-01 -1.972564464683917995e-02 5.785071131436299030e-01 -7.012128446925685044e-01 -7.129519680271706461e-01 -1.942275470551563243e-04 -1.058193655350251894e-01 -1.392726934810501957e-02 1.397032388954328082e-02 -9.998054116771555311e-01 1.904802004411596805e-01 0.000000000000000000e+00 0.000000000000000000e+00 0.000000000000000000e+00 1.000000000000000000e+00 2.132111897744309349e-03 3.476070576998087922e-04 8.391795724547772978e-03 -2.118962065622992125e-03 -9.828897317850585763e-03 2.409654141714848413e-03
7.127998753498250295e-01 -7.010924368317533739e-01 -1.964007939361944732e-02 5.785175708689916929e-01 -7.012307030422997300e-01 -7.129343969930027614e-01 -2.160903189518115219e-04 -1.058347800292671198e-01 -1.385058887109505942e-02 1.392625583340747694e-02 -9.998070916863843749e-01 1.905689714663177103e-01 0.000000000000000000e+00 0.000000000000000000e+00 0.000000000000000000e+00 1.000000000000000000e+00 1.851276259257336743e-03 -2.830255093681865487e-03 1.037287000930731638e-02 -4.133378721126220422e-03 -1.603096228786642791e-02 -5.511258648271384272e-03
7.127973972126967483e-01 -7.010977722879455643e-01 -1.953929936525827804e-02 5.785320483230885769e-01 -7.012348896561859668e-01 -7.129302733366004174e-01 -2.342841802953354868e-04 -1.058386740551027633e-01 -1.376590192039187262e-02 1.386863558827870074e-02 -9.998090622170003883e-01 1.906637749993884412e-01 0.000000000000000000e+00 0.000000000000000000e+00 0.000000000000000000e+00 1.000000000000000000e+00 1.329621306800374617e-03 -3.562390705046751256e-05 1.022793714304506829e-02 -2.044822010191561529e-03 -9.253380926296921397e-03 -2.762187146068466499e-03
7.128023899084331427e-01 -7.010957715416187286e-01 -1.942864038703046026e-02 5.785500477818714682e-01 -7.012315970602638338e-01 -7.129335059373285155e-01 -2.517860624041412532e-04 -1.058410754567363776e-01 -1.367480256303655467e-02 1.380345023433424134e-02 -9.998112144482529384e-01 1.907747351991171403e-01 0.000000000000000000e+00 0.000000000000000000e+00 0.000000000000000000e+00 1.000000000000000000e+00 2.187325644769146440e-03 4.822756857398981332e-04 1.019101947071162501e-02 -2.118716751080600581e-03 -1.399624265745529235e-02 1.393552510028643826e-03
7.128009045123064880e-01 -7.010992459988685255e-01 -1.935762863203399631e-02 5.785639676429763512e-01 -7.012342145407960414e-01 -7.129309282128121206e-01 -2.606817434151059709e-04 -1.058438526493894888e-01 -1.361788837488083978e-02 1.376004569165283770e-02 -9.998125895680514130e-01 1.908685776919264165e-01 0.000000000000000000e+00 0.000000000000000000e+00 0.000000000000000000e+00 1.000000000000000000e+00 2.601380716018890371e-03 -9.873282728246068635e-04 1.293130200899922540e-02 -1.975152050922033935e-03 -1.446985424209283437e-02 -1.762914199285658262e-03
7.128065945273520665e-01 -7.010950885767028851e-01 -1.929858989523181023e-02 5.785783185604492784e-01 -7.012294481263982027e-01 -7.129356107640540952e-01 -2.756534643671287865e-04 -1.058476931005237626e-01 -1.356539268382509628e-02 1.372922714905622406e-02 -9.998137268727727012e-01 1.909771808506350310e-01 0.000000000000000000e+00 0.000000000000000000e+00 0.000000000000000000e+00 1.000000000000000000e+00 1.573545733837879547e-03 -6.198180809462348569e-05 9.796597085289290158e-03 -8.035520011495458654e-04 -7.505633841328586062e-03 2.724834525084108769e-03
7.127970380642048021e-01 -7.011075071820919158e-01 -1.920015364025945415e-02 5.785904841132328835e-01 -7.012407490158419909e-01 -7.129244885022129052e-01 -2.925979482990559433e-04 -1.058522072166639821e-01 -1.348311709500738323e-02 1.367249307080605283e-02 -9.998156172448153800e-01 1.910943905173430601e-01 0.000000000000000000e+00 0.000000000000000000e+00 0.000000000000000000e+00 1.000000000000000000e+00 1.288258273052872438e-03 -7.172592475048632146e-04 1.228689947220761892e-02 -2.074294601548456411e-03 -1.105836914630294043e-02 -1.425319678469179688e-03
7.128002185445154737e-01 -7.011063028163191380e-01 -1.912591420359704975e-02 5.786078187255973004e-01 -7.012387162639391880e-01 -7.129264821375597139e-01 -3.063975630046844589e-04 -1.058536501913979466e-01 -1.342055346824514751e-02 1.363023177337589417e-02 -9.998170360252970346e-01 1.912095784285132161e-01 0.000000000000000000e+00 0.000000000000000000e+00 0.000000000000000000e+00 1.000000000000000000e+00 1.091066713109283340e-03 6.677492619821274317e-04 1.191615722664248964e-02 -3.077506346364126759e-04 5.205620559286590777e-04 2.395670608962973281e-04
7.127974075961430733e-01 -7.011114637774704672e-01 -1.904129943125454361e-02 5.786233930132745895e-01 -7.012429432116109584e-01 -7.129223173183970585e-01 -3.225915132558515586e-04 -1.058595602852892281e-01 -1.334879470722245658e-02 1.358251925010779682e-02 -9.998186459807023585e-01 1.913142064109270291e-01 0.000000000000000000e+00 0.000000000000000000e+00 0.000000000000000000e+00 1.000000000000000000e+00 1.848948340622163502e-03 6.025304331540236552e-05 1.218714029638035164e-02 -2.306505791006795147e-03 -1.104054932660693093e-02 -5.273454166652862853e-04
7.128073359557418609e-01 -7.011049675251830315e-01 -1.890836638078591259e-02 5.786436958739865632e-01 -7.012349397371611115e-01 -7.129301792054839604e-01 -3.447750808294736125e-04 -1.058588771592914035e-01 -1.323862151048830343e-02 1.350496536642861733e-02 -9.998211614138567960e-01 1.914473947592103820e-01 0.000000000000000000e+00 0.000000000000000000e+00 0.000000000000000000e+00 1.000000000000000000e+00 2.318919774756312505e-03 1.335437036199588982e-03 1.386251095519656050e-02 -1.569946661318944716e-03 -1.219539373778781403e-02 2.888444244841640446e-03
7.128089871080526274e-01 -7.011057301514322937e-01 -1.881762596130004406e-02 5.786635898754139973e-01 -7.012346498059036648e-01 -7.129304580107030942e-01 -3.577041248974122123e-04 -1.058626285365054653e-01 -1.316487028359941518e-02 1.345054606610327982e-02 -9.998228688127411834e-01 1.915821542317125425e-01 0.000000000000000000e+00 0.000000000000000000e+00 0.000000000000000000e+00 1.000000000000000000e+00 2.117277321905177302e-03 -5.899606026480632304e-04 1.242051448427118621e-02 -1.204634004534549602e-03 -1.012853752110109452e-02 8.212576943510115166e-04
7.128146192945500337e-01 -7.011025036081115491e-01 -1.872426111769254220e-02 5.786800689640227979e-01 -7.012304309489119092e-01 -7.129345973350441623e-01 -3.776690635324958523e-04 -1.058615106055306038e-01 -1.308438883436034705e-02 1.339922972250070891e-02 -9.998246143257700780e-01 1.916976425839029552e-01 0.000000000000000000e+00 0.000000000000000000e+00 0.000000000000000000e+00 1.000000000000000000e+00 1.791173513458927573e-03 -7.209022350501299034e-04 1.225550649656021937e-02 -1.785755627351139118e-03 -1.015880592337206276e-02 1.217722411259408765e-03
7.128179678314581214e-01 -7.011036121048693781e-01 -1.855450969805305661e-02 5.787088015567483090e-01 -7.012295835920294707e-01 -7.129354177408903093e-01 -4.015295396739143596e-04 -1.058606697600944363e-01 -1.294665331192664144e-02 1.329718857981467862e-02 -9.998277696402984027e-01 1.918478294971373010e-01 0.000000000000000000e+00 0.000000000000000000e+00 0.000000000000000000e+00 1.000000000000000000e+00 2.549696862195466231e-03 -1.952012743617725487e-05 1.069198722920311137e-02 -1.725542116056674952e-03 -1.432455682724759378e-02 7.325002489479184018e-05
7.128070403753695716e-01 -7.011197618334169546e-01 -1.836308138517711575e-02 5.787373814906177083e-01 -7.012437214394742213e-01 -7.129214877576852682e-01 -4.420804067662709169e-04 -1.058782105441534171e-01 -1.278148399143268221e-02 1.319211355399246659e-02 -9.998312866713841007e-01 1.919886687786094281e-01 0.000000000000000000e+00 0.000000000000000000e+00 0.000000000000000000e+00 1.000000000000000000e+00 2.471772602493808001e-03 -1.696544021166546731e-03 1.380213219021373013e-02 -3.706660223363387324e-03 -1.766426308468004372e-02 -2.190665625144723808e-03
7.128144034596157752e-01 -7.011165511677452944e-01 -1.819911808738888803e-02 5.787654574768517080e-01 -7.012387367583052811e-01 -7.129263714631846049e-01 -4.721672941438437299e-04 -1.058817751518831146e-01 -1.264358691702779230e-02 1.309849422582407170e-02 -9.998342708463677786e-01 1.921108117116539782e-01 0.000000000000000000e+00 0.000000000000000000e+00 0.000000000000000000e+00 1.000000000000000000e+00 3.214027103060852764e-03 -3.337251961670266811e-04 1.364615994226015157e-02 -4.538924697912875665e-03 -2.252529558839187415e-02 1.758684447859914027e-03
7.128155822266978303e-01 -7.011204055963026205e-01 -1.800340499156088958e-02 5.787931934296612901e-01 -7.012404808880439155e-01 -7.129246317258366439e-01 -5.073879042052642507e-04 -1.058909368604037393e-01 -1.247933086022852064e-02 1.298639037825520884e-02 -9.998377968281777495e-01 1.922502530278809851e-01 0.000000000000000000e+00 0.000000000000000000e+00 0.000000000000000000e+00 1.000000000000000000e+00 2.903225625079151797e-03 -1.394616710969384492e-03 1.370196461065885211e-02 -4.404286610712854731e-03 -2.180453059650401884e-02 5.990092387571437863e-04
7.128169826476298265e-01 -7.011233276984899510e-01 -1.783335655798651276e-02 5.788191057033246212e-01 -7.012415542006125158e-01 -7.129235552919250818e-01 -5.356978912656462644e-04 -1.058920497216682688e-01 -1.233822967194297959e-02 1.288734522379876568e-02 -9.998408295432053006e-01 1.923942718880796987e-01 0.000000000000000000e+00 0.000000000000000000e+00 0.000000000000000000e+00 1.000000000000000000e+00 2.678187565754619210e-03 2.204352386429731122e-04 1.450212125760538123e-02 -2.458624033436412459e-03 -1.600647129245984929e-02 1.015621650535995920e-03
7.128172080369287178e-01 -7.011253847775501535e-01 -1.774324510821756462e-02 5.788351212433845427e-01 -7.012426651284737744e-01 -7.129224493516088668e-01 -5.530045374135539316e-04 -1.058932437636981305e-01 -1.226183224291863688e-02 1.283651163810511919e-02 -9.998424233042981779e-01 1.924961471312882644e-01 0.000000000000000000e+00 0.000000000000000000e+00 0.000000000000000000e+00 1.000000000000000000e+00 2.409471282357853513e-03 2.309814286631369450e-04 1.212082031924356304e-02 -2.498648637766954714e-03 -1.459413767215593689e-02 -7.123435831941026496e-05
7.128229728754627015e-01 -7.011222951049576047e-01 -1.763339580864647926e-02 5.788514177885172307e-01 -7.012383607354070181e-01 -7.129266707981809503e-01 -5.687686184029649983e-04 -1.058919242020590623e-01 -1.217254180960657649e-02 1.277064490850213403e-02 -9.998443578150122413e-01 1.926084871981945112e-01 0.000000000000000000e+00 0.000000000000000000e+00 0.000000000000000000e+00 1.000000000000000000e+00 2.072307331406304104e-03 8.352436592115316605e-04 1.160801026603489397e-02 -1.975278978149280339e-03 -1.246177330348769569e-02 2.681202641240249419e-03
7.128240499791865803e-01 -7.011241823348985935e-01 -1.751441453460672593e-02 5.788705515449334982e-01 -7.012390457173292013e-01 -7.129259759433577148e-01 -5.946315333441171136e-04 -1.059010136433132521e-01 -1.206957052755455208e-02 1.270565899238899898e-02 -9.998464340571753262e-01 1.927334104227149958e-01 0.000000000000000000e+00 0.000000000000000000e+00 0.000000000000000000e+00 1.000000000000000000e+00 2.244332601810158489e-03 -1.666723815638699539e-03 1.067225627006824357e-02 -3.710477166821511252e-03 -1.681074291549611646e-02 -1.032550514139050479e-03
7.128232452728028301e-01 -7.011269828076008848e-01 -1.743487820031880409e-02 5.788851783043078569e-01 -7.012409881244257015e-01 -7.129240548337143490e-01 -6.071356803143135306e-04 -1.059039834542151448e-01 -1.200406485440957960e-02 1.265883164298307537e-02 -9.998478166243129905e-01 1.928169266016043770e-01 0.000000000000000000e+00 0.000000000000000000e+00 0.000000000000000000e+00 1.000000000000000000e+00 2.287005395256164544e-03 3.402783740863282768e-04 1.170323657032415823e-02 -8.660516214714533527e-04 -1.027681045854507424e-02 1.926646873593629034e-03
7.128142794732863496e-01 -7.011395568134604073e-01 -1.729522623164159167e-02 5.789052003394323798e-01 -7.012521476855704261e-01 -7.129130526667495360e-01 -6.361633054811632881e-04 -1.059153026151442856e-01 -1.188395327129556506e-02 1.258178082787035808e-02 -9.998502240064983670e-01 1.929281970543897939e-01 0.000000000000000000e+00 0.000000000000000000e+00 0.000000000000000000e+00 1.000000000000000000e+00 2.504128461548504273e-03 -4.767055048435986852e-04 1.044268617462888044e-02 -2.119475081749741096e-03 -1.458578579242244926e-02 -1.652117657963142125e-03
7.128067917219064187e-01 -7.011509071978194729e-01 -1.714301638562409913e-02 5.789242793965558853e-01 -7.012619337929150154e-01 -7.129033999933142018e-01 -6.651999653314311090e-04 -1.059237757990062201e-01 -1.175490910829249912e-02 1.249590387476786323e-02 -9.998528264190728043e-01 1.930289356945126822e-01 0.000000000000000000e+00 0.000000000000000000e+00 0.000000000000000000e+00 1.000000000000000000e+00 1.604770128242920344e-03 -9.548743991912354932e-04 1.033550107861846458e-02 -2.623907077467091745e-03 -1.397221854154902070e-02 -1.786164004280029263e-03
7.128072076115203881e-01 -7.011538325308839248e-01 -1.700552569961072402e-02 5.789430290309368621e-01 -7.012634521252824049e-01 -7.129018815802364850e-01 -6.913412254407336199e-04 -1.059294634007915542e-01 -1.163853471870919878e-02 1.241814666572738091e-02 -9.998551565816868880e-01 1.931207577180561463e-01 0.000000000000000000e+00 0.000000000000000000e+00 0.000000000000000000e+00 1.000000000000000000e+00 1.896154401400515195e-03 -5.855675060571284389e-04 9.368457271921820304e-03 -3.105292454836923281e-03 -1.523763259684712996e-02 2.310392342289345827e-04
7.128060422116098138e-01 -7.011577027908338922e-01 -1.689443706376847487e-02 5.789597165480228069e-01 -7.012661651869782631e-01 -7.128991942657829650e-01 -7.101965555210143499e-04 -1.059343707925755745e-01 -1.154607078493550924e-02 1.235372948863499264e-02 -9.998570265878771179e-01 1.932031480006585755e-01 0.000000000000000000e+00 0.000000000000000000e+00 0.000000000000000000e+00 1.000000000000000000e+00 -4.760453007628611495e-04 -2.486529339951180397e-04 6.032855609115965294e-03 -7.722837671623119398e-05 -3.314217709028604002e-03 -2.626194293624700173e-04
7.128101555888212149e-01 -7.011571859006966445e-01 -1.674164714885567617e-02 5.789800818873716004e-01 -7.012640977956381416e-01 -7.129011986190868511e-01 -7.390198503526707041e-04 -1.059375054352882095e-01 -1.141697124067910137e-02 1.226709693796834699e-02 -9.998595756907087129e-01 1.933055985658428400e-01 0.000000000000000000e+00 0.000000000000000000e+00 0.000000000000000000e+00 1.000000000000000000e+00 1.634409944384419703e-03 5.763210130850395354e-04 8.708796621497425991e-03 -1.729898828787102862e-03 -1.252695838281607348e-02 1.993229540626881378e-03
7.128113149559230921e-01 -7.011592409485885025e-01 -1.660566479269270923e-02 5.789979301707985915e-01 -7.012647487231020715e-01 -7.129005343414140938e-01 -7.617965940149989956e-04 -1.059431050888946513e-01 -1.130404658218836164e-02 1.218798458013656098e-02 -9.998618262353763386e-01 1.933982918110244698e-01 0.000000000000000000e+00 0.000000000000000000e+00 0.000000000000000000e+00 1.000000000000000000e+00 1.585227109978069654e-03 -1.309916965213849276e-04 9.136011838433717724e-03 -1.836358139959274813e-03 -1.323166105122217454e-02 1.155161018916956361e-03
7.128050765409155165e-01 -7.011678261634198828e-01 -1.651067566043029622e-02 5.790128779138723480e-01 -7.012724137920944845e-01 -7.128929717622248807e-01 -7.826022188796438739e-04 -1.059491386631821880e-01 -1.122160914080377186e-02 1.213632420825783501e-02 -9.998633832294305801e-01 1.934700760618399129e-01 0.000000000000000000e+00 0.000000000000000000e+00 0.000000000000000000e+00 1.000000000000000000e+00 1.658739833708208810e-03 -8.026068722771655161e-04 7.119302925223774427e-03 -2.296703168519047874e-03 -9.884144349232126814e-03 -2.113893444553766564e-03
7.128058629885443143e-01 -7.011700715942541517e-01 -1.638085436309383303e-02 5.790327556833784195e-01 -7.012733368890387009e-01 -7.128920389422368498e-01 -8.048486149214995056e-04 -1.059558954882706128e-01 -1.111344490557476111e-02 1.206115721183446954e-02 -9.998655008695128688e-01 1.935641997925742763e-01 0.000000000000000000e+00 0.000000000000000000e+00 0.000000000000000000e+00 1.000000000000000000e+00 1.876529013354063342e-03 -7.658762117144399760e-05 7.968406255637187560e-03 -1.748433501183938076e-03 -1.105824976927359017e-02 8.219027111197540168e-04
7.128017476426994348e-01 -7.011773944876088516e-01 -1.624592309108857657e-02 5.790491971235111057e-01 -7.012793381012838445e-01 -7.128861043181112800e-01 -8.319990215262806910e-04 -1.059607398369891429e-01 -1.099811391732782341e-02 1.198598054874396024e-02 -9.998676801259986924e-01 1.936542314240706220e-01 0.000000000000000000e+00 0.000000000000000000e+00 0.000000000000000000e+00 1.000000000000000000e+00 1.547646313203694711e-03 -1.300377843013051206e-03 8.212935631066497003e-03 -3.704602946920180270e-03 -1.290245933433438984e-02 -9.799646282988253455e-04
7.127993730411084083e-01 -7.011820862562555545e-01 -1.614731264103541619e-02 5.790644936785485086e-01 -7.012830629931655624e-01 -7.128824172018375371e-01 -8.513538565368683475e-04 -1.059652252907647974e-01 -1.091418119358632775e-02 1.193068136318923764e-02 -9.998692611992245904e-01 1.937320046495689119e-01 0.000000000000000000e+00 0.000000000000000000e+00 0.000000000000000000e+00 1.000000000000000000e+00 1.211209926687713094e-03 -1.104979615765189997e-03 7.392101093404846238e-03 -1.443568385887037493e-03 -8.165508379320745094e-03 -1.833725903706480984e-03
7.127996704276722273e-01 -7.011841552573110370e-01 -1.604400991936533183e-02 5.790815481312000523e-01 -7.012840773538291383e-01 -7.128813999703312865e-01 -8.674251142709310525e-04 -1.059668891707619687e-01 -1.082925150645600021e-02 1.186970902893081693e-02 -9.998709103276173238e-01 1.938233820399309915e-01 0.000000000000000000e+00 0.000000000000000000e+00 0.000000000000000000e+00 1.000000000000000000e+00 1.185502896044424593e-03 -4.345453528423323859e-04 6.980328742459014461e-03 -1.690017840786465879e-03 -9.684788244747026195e-03 -1.819914107541212864e-03
7.128045203659134632e-01 -7.011815688919237344e-01 -1.594124186443213187e-02 5.790958374421395494e-01 -7.012804978072044726e-01 -7.128848956624572741e-01 -8.882182201739863281e-04 -1.059696754091429272e-01 -1.074146829811566811e-02 1.181240799276536690e-02 -9.998725358145472697e-01 1.939087401182475467e-01 0.000000000000000000e+00 0.000000000000000000e+00 0.000000000000000000e+00 1.000000000000000000e+00 1.625917383371160716e-03 -7.042735931450984106e-04 8.774740948668535712e-03 -1.983640850662208265e-03 -1.240993238798747920e-02 -1.181777543247536106e-03
7.128142111247837143e-01 -7.011735574845443519e-01 -1.586009782506186960e-02 5.791112534160193226e-01 -7.012716508294201123e-01 -7.128935842274822798e-01 -8.996167371698865489e-04 -1.059663632215045864e-01 -1.067577451673288637e-02 1.176349657891771067e-02 -9.998738160321559709e-01 1.939841306504438978e-01 0.000000000000000000e+00 0.000000000000000000e+00 0.000000000000000000e+00 1.000000000000000000e+00 1.311336122479571159e-03 1.490164513236138903e-03 6.351719596462862202e-03 -2.293280216147263091e-04 -3.010308495866328201e-03 4.770409788457836975e-03
7.128134365721198185e-01 -7.011767724175903549e-01 -1.575241138032856814e-02 5.791264344274386078e-01 -7.012738187395463063e-01 -7.128914256759976142e-01 -9.199717915875510466e-04 -1.059705923879426664e-01 -1.058469615521672944e-02 1.170252193735034710e-02 -9.998754998436594210e-01 1.940667118855752271e-01 0.000000000000000000e+00 0.000000000000000000e+00 0.000000000000000000e+00 1.000000000000000000e+00 1.565543221956593699e-03 1.190976590556867354e-05 9.280758310555302024e-03 -2.563836145596423699e-03 -1.082698043560396603e-02 1.578274564855895734e-03
7.128064419117137174e-01 -7.011866782587569125e-01 -1.562749505241040060e-02 5.791433729669437369e-01 -7.012825130032638299e-01 -7.128828425855913142e-01 -9.432406448519059516e-04 -1.059763727154918317e-01 -1.047918532089209959e-02 1.163163701022373181e-02 -9.998774383370558905e-01 1.941442772179067799e-01 0.000000000000000000e+00 0.000000000000000000e+00 0.000000000000000000e+00 1.000000000000000000e+00 1.592050865551894717e-03 -2.370533071339253704e-04 8.683368775809094386e-03 -2.280312304418294442e-03 -1.014628225270058567e-02 -1.341706228061217716e-03
7.128094682530656812e-01 -7.011860381635788286e-01 -1.551779150672827345e-02 5.791605616982472560e-01 -7.012807981524593615e-01 -7.128845041482901879e-01 -9.622306876881092652e-04 -1.059826849660070180e-01 -1.038769038005108239e-02 1.156821635822959972e-02 -9.998791288245082454e-01 1.942206168697233615e-01 0.000000000000000000e+00 0.000000000000000000e+00 0.000000000000000000e+00 1.000000000000000000e+00 2.120543767102544153e-03 -1.143347840403949192e-03 8.932454578353118263e-03 -2.438186108706297608e-03 -1.440759204124129889e-02 6.587529585181308312e-04
7.128008692918837985e-01 -7.011974969075087660e-01 -1.539451419756765471e-02 5.791789866043559609e-01 -7.012910733894450743e-01 -7.128743646463123751e-01 -9.851976434812614869e-04 -1.059876408678009918e-01 -1.028353640606142691e-02 1.149828512261902823e-02 -9.998810120800496470e-01 1.943015415605454099e-01 0.000000000000000000e+00 0.000000000000000000e+00 0.000000000000000000e+00 1.000000000000000000e+00 2.326443071282157347e-03 7.113014718569397638e-05 9.326485839273632172e-03 -2.051960735354051331e-03 -1.500415859000383927e-02 -9.176021849745658304e-04
7.127989863157591088e-01 -7.012019356830888617e-01 -1.527908706419905949e-02 5.791927653779553875e-01 -7.012944691937201824e-01 -7.128709855918492488e-01 -1.012610292167592796e-03 -1.059953113847080380e-01 -1.018197355743872580e-02 1.143692684224209034e-02 -9.998827551862672358e-01 1.943775942516886845e-01 0.000000000000000000e+00 0.000000000000000000e+00 0.000000000000000000e+00 1.000000000000000000e+00 1.898993631626216035e-03 -1.990241415180218128e-03 8.816171972219895986e-03 -3.762790851885382346e-03 -1.473459825540598608e-02 -2.995167946260971457e-03
7.127959757599061641e-01 -7.012073072601137103e-01 -1.517264596252787534e-02 5.792061556329169969e-01 -7.012988305712856141e-01 -7.128666661928670933e-01 -1.032700544425613209e-03 -1.060040298785702578e-01 -1.009193637666913265e-02 1.137666366242455485e-02 -9.998843554852139270e-01 1.944472861940593211e-01 0.000000000000000000e+00 0.000000000000000000e+00 0.000000000000000000e+00 1.000000000000000000e+00 1.245055646375102434e-03 -1.233486286573624857e-03 7.014811019769245405e-03 -2.053306227882147148e-03 -1.145484846561105156e-02 -1.534065310366569072e-03
7.127939846100729282e-01 -7.012115331012398478e-01 -1.507054576000077528e-02 5.792204900706345860e-01 -7.013020895762381857e-01 -7.128634321851081701e-01 -1.051764835737684090e-03 -1.060095778164190927e-01 -1.000573134244728789e-02 1.131869688068107629e-02 -9.998858797088925332e-01 1.945109142562437832e-01 0.000000000000000000e+00 0.000000000000000000e+00 0.000000000000000000e+00 1.000000000000000000e+00 1.512705031961945066e-03 -2.397820708990173316e-04 6.948178687361011158e-03 -2.274317282898296027e-03 -1.157014582223333740e-02 2.343926413955272053e-03
7.127898360641981013e-01 -7.012185183419115120e-01 -1.494118930835725001e-02 5.792367550224402084e-01 -7.013079163235805824e-01 -7.128576546431412142e-01 -1.081997485082475396e-03 -1.060218846138402393e-01 -9.892224494595484169e-03 1.124961115125398814e-02 -9.998877887760677652e-01 1.945951261185916992e-01 0.000000000000000000e+00 0.000000000000000000e+00 0.000000000000000000e+00 1.000000000000000000e+00 2.129270965537402149e-03 -1.212909124521480446e-03 9.294504196589699688e-03 -2.783044298334271058e-03 -1.555076546125956638e-02 -1.293350591616795019e-03
7.127852146511796105e-01 -7.012256970099821629e-01 -1.482429180555594472e-02 5.792528079747100156e-01 -7.013139965401149478e-01 -7.128516398260215103e-01 -1.103564354116390311e-03 -1.060276628741634031e-01 -9.793673039439343420e-03 1.118308768706154435e-02 -9.998895051545344526e-01 1.946724423154024275e-01 0.000000000000000000e+00 0.000000000000000000e+00 0.000000000000000000e+00 1.000000000000000000e+00 2.211293361815303438e-03 -8.698656052563253586e-04 1.074140895270510494e-02 -2.823109687577557252e-03 -1.711881632986999094e-02 -1.517648334993083967e-03
7.127841605775192546e-01 -7.012295295020036789e-01 -1.469310668987000579e-02 5.792733598294361741e-01 -7.013166349131578770e-01 -7.128490009889938417e-01 -1.131098173517627870e-03 -1.060340352065665681e-01 -9.680806985262167125e-03 1.111074900230113113e-02 -9.998914107205452151e-01 1.947565779826425092e-01 0.000000000000000000e+00 0.000000000000000000e+00 0.000000000000000000e+00 1.000000000000000000e+00 2.636268979981658094e-03 -2.365305850318373711e-03 1.097162192167293326e-02 -5.306453084646080981e-03 -1.823409374000767649e-02 -1.627516044999162458e-03
