7.280289519896913086e-01 -6.854635094528019890e-01 -1.065937490851609493e-02 6.701797728846959901e-01 -6.854538916324982578e-01 -7.275873232839271676e-01 -2.774255652230735170e-02 -1.667753045404967160e-01 1.126088409740632658e-02 2.750389436386241337e-02 -9.995582665778750542e-01 1.871568896713288188e-01 0.000000000000000000e+00 0.000000000000000000e+00 0.000000000000000000e+00 1.000000000000000000e+00 1.171121233870532977e-03 -1.172118228451152514e-03 1.550499630845812542e-03 -1.737165234751959341e-03 -3.615684069235888809e-03 -2.782433028820419530e-03
7.280359484366594192e-01 -6.854560279410604196e-01 -1.066262365451492444e-02 6.701795906073324538e-01 -6.854465631902959544e-01 -7.275944276618104833e-01 -2.773730062738745394e-02 -1.667718195349214838e-01 1.125463435857595833e-02 2.750241070791164741e-02 -9.995583777902659062e-01 1.871557883016872759e-01 0.000000000000000000e+00 0.000000000000000000e+00 0.000000000000000000e+00 1.000000000000000000e+00 -2.663483881492749472e-04 -1.347505697595934504e-04 -7.760651255970420345e-04 1.582160651782357514e-04 1.635449577525085454e-03 -8.895857022414425420e-05
7.280299686668763037e-01 -6.854629135474954449e-01 -1.062821122700324805e-02 6.701844207866485270e-01 -6.854523557256670951e-01 -7.275884875084898118e-01 -2.774997072506230067e-02 -1.667798380860854857e-01 1.128861165248282172e-02 2.748794274017319489e-02 -9.995583926168956079e-01 1.871754918031704185e-01 0.000000000000000000e+00 0.000000000000000000e+00 0.000000000000000000e+00 1.000000000000000000e+00 -1.678787353768857360e-04 -1.601095504330085368e-03 6.362572622308693875e-04 -1.844084539081530241e-03 -1.317657999575335120e-03 -9.434444392266785624e-04
7.280260690660218525e-01 -6.854673918693694468e-01 -1.060648122990748288e-02 6.701885777783780362e-01 -6.854561491812981577e-01 -7.275846267626966402e-01 -2.775749354919533618e-02 -1.667823417639036354e-01 1.130974402106990281e-02 2.747845669596228613e-02 -9.995584145550402422e-01 1.871879224706535783e-01 0.000000000000000000e+00 0.000000000000000000e+00 0.000000000000000000e+00 1.000000000000000000e+00 1.287786386499445695e-03 -4.220981002873625985e-04 4.838653282819976691e-03 -2.499218537668570356e-03 -7.713421763872850209e-03 -1.723127506650288751e-04
7.280107601152588925e-01 -6.854840416290524097e-01 -1.058120164737519353e-02 6.701887211410192391e-01 -6.854719443791399414e-01 -7.275692404278624181e-01 -2.777073733815582646e-02 -1.667989617202368935e-01 1.133784042418298568e-02 2.747051246560613946e-02 -9.995583146167075217e-01 1.872067244681283882e-01 0.000000000000000000e+00 0.000000000000000000e+00 0.000000000000000000e+00 1.000000000000000000e+00 -7.488705456243233420e-07 -3.454626859730092919e-04 1.586630979406269742e-03 -7.555484691741772485e-04 -2.007896890083755298e-03 1.347122783786584431e-04
7.279961942175403600e-01 -6.855001789880927898e-01 -1.053782767319827451e-02 6.701933147720484651e-01 -6.854866374915796756e-01 -7.275545792798983058e-01 -2.779215697526907225e-02 -1.668190285057811750e-01 1.138468380171422240e-02 2.745612456525878958e-02 -9.995581774957333909e-01 1.872312454893075295e-01 0.000000000000000000e+00 0.000000000000000000e+00 0.000000000000000000e+00 1.000000000000000000e+00 1.544137530816322218e-03 -2.231651431027423249e-03 6.344699016999186432e-03 -4.078431884693473411e-03 -9.807072891848300084e-03 -3.650409036497525347e-03
7.279850919076679139e-01 -6.855128205047047452e-01 -1.048231290644119351e-02 6.702011879480727075e-01 -6.854976143537120370e-01 -7.275437889227945876e-01 -2.780388309631053045e-02 -1.668282575258338007e-01 1.143357667370843885e-02 2.742641288153217782e-02 -9.995584351106733267e-01 1.872718461184122163e-01 0.000000000000000000e+00 0.000000000000000000e+00 0.000000000000000000e+00 1.000000000000000000e+00 8.046350633746928056e-04 -8.341318924473636225e-04 6.455259749276723649e-03 -1.930531336926755680e-03 -8.052934231234584739e-03 -1.385977464092612256e-03
7.279849188270544058e-01 -6.855140076010506345e-01 -1.041649380135628578e-02 6.702123457199917755e-01 -6.854967809991054928e-01 -7.275438545340990881e-01 -2.782270600660988191e-02 -1.668378637352007365e-01 1.149439864592754525e-02 2.739498334389782117e-02 -9.995585994264448715e-01 1.873216557136231364e-01 0.000000000000000000e+00 0.000000000000000000e+00 0.000000000000000000e+00 1.000000000000000000e+00 9.627010091433229775e-04 -1.124670112452924500e-03 4.520190071604293994e-03 -1.735940910955773540e-03 -6.039771379369485681e-03 -2.321676762708993350e-04
7.279818339773905800e-01 -6.855183851433951370e-01 -1.034374348612854266e-02 6.702242212706822633e-01 -6.854989607401102969e-01 -7.275411246086022077e-01 -2.784038123803148079e-02 -1.668362747009393410e-01 1.155959441951091154e-02 2.735791720219531153e-02 -9.995588627705795925e-01 1.873796454038875181e-01 0.000000000000000000e+00 0.000000000000000000e+00 0.000000000000000000e+00 1.000000000000000000e+00 9.173322408570156253e-04 -2.854885209818983300e-04 5.154621777928965892e-03 -2.822006797005968334e-03 -6.115135376933472124e-03 -5.891079701908342016e-04
7.279838681184221949e-01 -6.855170717439634798e-01 -1.028747330111762226e-02 6.702326809606485858e-01 -6.854961033511652868e-01 -7.275437948228752338e-01 -2.784095733085378832e-02 -1.668312908923262339e-01 1.160086417936135976e-02 2.731979067108018452e-02 -9.995594274419007386e-01 1.874334330981989039e-01 0.000000000000000000e+00 0.000000000000000000e+00 0.000000000000000000e+00 1.000000000000000000e+00 3.424511089061172157e-04 1.040810069976142750e-04 5.461719069853308330e-03 2.312195781204064290e-04 -2.094404791025299747e-03 8.308384698856084803e-05
7.279892953610365147e-01 -6.855124257299115564e-01 -1.021273761700774996e-02 6.702474977923413846e-01 -6.854891829934698366e-01 -7.275495354781404966e-01 -2.786132488750264757e-02 -1.668277033529177167e-01 1.166901189846691195e-02 2.728346743788736400e-02 -9.995596263184496344e-01 1.875168369550578584e-01 0.000000000000000000e+00 0.000000000000000000e+00 0.000000000000000000e+00 1.000000000000000000e+00 1.681769076725756016e-03 4.683696990818569657e-04 8.768331542471466053e-03 -1.254793216052569639e-03 -8.486496893723553120e-03 -4.717307416950617706e-04
7.279926914015062422e-01 -6.855095338511192349e-01 -1.016465765348001371e-02 6.702603142407685954e-01 -6.854848289183931298e-01 -7.275531369789498548e-01 -2.787440034890271978e-02 -1.668325615528023220e-01 1.171283862744934220e-02 2.726007834381053915e-02 -9.995597518607763909e-01 1.876021927471391293e-01 0.000000000000000000e+00 0.000000000000000000e+00 0.000000000000000000e+00 1.000000000000000000e+00 1.041197336826670938e-04 -9.093670439861041566e-04 7.497458057834677399e-03 -2.463815227235568203e-04 2.184672769333706899e-03 1.265378998936723216e-03
7.279818464068360528e-01 -6.855228059796674156e-01 -1.004558529190302529e-02 6.702800968845861185e-01 -6.854944900508574968e-01 -7.275428583548028127e-01 -2.790507779667228405e-02 -1.668403478554458808e-01 1.182097339513761731e-02 2.720058342548337116e-02 -9.995600996685016781e-01 1.877181974155395783e-01 0.000000000000000000e+00 0.000000000000000000e+00 0.000000000000000000e+00 1.000000000000000000e+00 1.491074147679602706e-03 -1.032058357074875071e-03 1.139740792198062555e-02 -3.215984966172638713e-03 -1.055661572468416000e-02 -1.082321266685664675e-03
7.279804550495542204e-01 -6.855263271034125472e-01 -9.905145831790695965e-03 6.703018809443719306e-01 -6.854938288492843368e-01 -7.275422998890134219e-01 -2.793586371947365254e-02 -1.668480263550745080e-01 1.194435747087531710e-02 2.712667912424940667e-02 -9.995606412841084865e-01 1.878420074535823714e-01 0.000000000000000000e+00 0.000000000000000000e+00 0.000000000000000000e+00 1.000000000000000000e+00 1.576514432101096437e-03 -4.977422374962824254e-04 1.303169167385937778e-02 -1.623596059417306081e-03 -7.699274812819148668e-03 1.945135825636495333e-03
7.279805821997383797e-01 -6.855285978464241703e-01 -9.737221104906879088e-03 6.703281389238249233e-01 -6.854911637092953036e-01 -7.275435719283518399e-01 -2.796811438425972351e-02 -1.668492350498016474e-01 1.208868961492998162e-02 2.703502321897952032e-02 -9.995613893618257029e-01 1.879896986784044266e-01 0.000000000000000000e+00 0.000000000000000000e+00 0.000000000000000000e+00 1.000000000000000000e+00 3.192269213886073532e-03 1.464686066222502291e-04 1.813010101097704482e-02 -3.742482974644970300e-03 -2.109951712941557367e-02 2.580846893057330699e-03
7.279730992508847143e-01 -6.855384658003497167e-01 -9.600972615536551569e-03 6.703506202688798155e-01 -6.854969407455111519e-01 -7.275368413682002933e-01 -2.800158353606772843e-02 -1.668560521302828725e-01 1.221110132652616052e-02 2.696583690681545256e-02 -9.995617702995189813e-01 1.881558287576506061e-01 0.000000000000000000e+00 0.000000000000000000e+00 0.000000000000000000e+00 1.000000000000000000e+00 2.209484340378740658e-03 -1.261064288514546997e-03 1.607899450320091767e-02 -3.941357887611770909e-03 -1.165947454223100095e-02 -9.535548838282132105e-04
7.279781877825546310e-01 -6.855339911885506288e-01 -9.534413349771730939e-03 6.703706260083922563e-01 -6.854905802427994077e-01 -7.275425344689820939e-01 -2.800937230358016561e-02 -1.668539845459399151e-01 1.226468553279136744e-02 2.692596262989702810e-02 -9.995621891734576270e-01 1.883513513200968381e-01 0.000000000000000000e+00 0.000000000000000000e+00 0.000000000000000000e+00 1.000000000000000000e+00 1.192725904975031493e-03 4.948102832992698269e-04 1.637086730949265101e-02 1.974698415416982238e-06 -1.335318487922524701e-03 1.476172333197291794e-03
7.279628405423945736e-01 -6.855513744552536037e-01 -9.455991326181523160e-03 6.703888846371169885e-01 -6.855056433593018639e-01 -7.275277152508088374e-01 -2.802563941263937208e-02 -1.668621079383212080e-01 1.233351985435401574e-02 2.688375949249580468e-02 -9.995624781690995997e-01 1.885356939531884213e-01 0.000000000000000000e+00 0.000000000000000000e+00 0.000000000000000000e+00 1.000000000000000000e+00 1.802434001234047047e-03 -1.191509888012222667e-04 2.107369394044061872e-02 -9.739121217230121584e-04 -6.563588970096575527e-03 -5.700368065571574357e-04
7.279591231260337247e-01 -6.855568927596579210e-01 -9.341404995979851744e-03 6.704138952871279145e-01 -6.855077862402512157e-01 -7.275247765519812226e-01 -2.804950101124781270e-02 -1.668647364893458551e-01 1.243342517434801661e-02 2.682249601943860126e-02 -9.995628862886623001e-01 1.887482366296764913e-01 0.000000000000000000e+00 0.000000000000000000e+00 0.000000000000000000e+00 1.000000000000000000e+00 2.911201585235742659e-03 -7.061718342171668201e-04 2.145982335333814633e-02 -2.688376000270352884e-03 -1.328700952405019800e-02 -2.069368534465394066e-03
7.279505693778784980e-01 -6.855675937409078102e-01 -9.221873710025085824e-03 6.704384695435935404e-01 -6.855148920382454492e-01 -7.275168868766019870e-01 -2.808045767380047686e-02 -1.668771878347754811e-01 1.254198294588415932e-02 2.676291691275265935e-02 -9.995631270420624048e-01 1.889727872257958852e-01 0.000000000000000000e+00 0.000000000000000000e+00 0.000000000000000000e+00 1.000000000000000000e+00 1.160506057066586650e-03 -6.314227096206160390e-04 1.955248879586928348e-02 -3.653182428738009331e-04 -1.375143273951490077e-04 -2.103070233177848844e-03
7.279361231544543287e-01 -6.855855840380629118e-01 -9.022614147278895658e-03 6.704740839418968923e-01 -6.855268755758974208e-01 -7.275035349447530608e-01 -2.813377873724519362e-02 -1.668958845624064768e-01 1.272412944018403227e-02 2.666483830958646731e-02 -9.995634461743350130e-01 1.892350888309863033e-01 0.000000000000000000e+00 0.000000000000000000e+00 0.000000000000000000e+00 1.000000000000000000e+00 3.993349847352532095e-03 -2.921057511972613083e-03 2.621421482958787019e-02 -7.939202982166999878e-03 -2.790981960564113684e-02 -3.232418116415496957e-03
7.279233528277988530e-01 -6.856014161550385566e-01 -8.848196095331772870e-03 6.705083055409011283e-01 -6.855374743322141251e-01 -7.274917907389237826e-01 -2.817917127387743748e-02 -1.669124016441022595e-01 1.288268970924351040e-02 2.657804683717964606e-02 -9.995637266988914860e-01 1.894958297969521754e-01 0.000000000000000000e+00 0.000000000000000000e+00 0.000000000000000000e+00 1.000000000000000000e+00 3.781162543656045767e-03 -1.545939137511791531e-03 2.641542314415709636e-02 -5.750859256471760154e-03 -1.995402863326627488e-02 -8.825442048113272663e-04
7.279068704260116540e-01 -6.856212073834287990e-01 -8.668793035892685683e-03 6.705410998495715535e-01 -6.855519558359415289e-01 -7.274765332006746243e-01 -2.822072805303242615e-02 -1.669256050206244790e-01 1.304238613617400566e-02 2.648496985871968273e-02 -9.995641262747767541e-01 1.897830995893270145e-01 0.000000000000000000e+00 0.000000000000000000e+00 0.000000000000000000e+00 1.000000000000000000e+00 2.676113586650004546e-03 -2.711955632559228356e-03 2.864119216701378062e-02 -4.860320754835698726e-03 -1.908775973657943215e-02 -4.540946911545126405e-03
7.279026833990843715e-01 -6.856279601883510377e-01 -8.484321326604316038e-03 6.705749574156473214e-01 -6.855532814990696888e-01 -7.274736663970551298e-01 -2.826239417818911248e-02 -1.669343446655591756e-01 1.320536732807539235e-02 2.638872688833261704e-02 -9.995645318672242707e-01 1.900879077676337625e-01 0.000000000000000000e+00 0.000000000000000000e+00 0.000000000000000000e+00 1.000000000000000000e+00 3.155663645858870249e-03 -4.909904065116980692e-04 2.977785865362281639e-02 -3.422886709188744606e-03 -1.347100127996497115e-02 2.275280191766903539e-04
7.278931819585351404e-01 -6.856398657440522237e-01 -8.336075860794878167e-03 6.706063463332486707e-01 -6.855609358911700646e-01 -7.274654606162229697e-01 -2.828792658448400776e-02 -1.669402243704015409e-01 1.333112291975821657e-02 2.630547686137590935e-02 -9.995650569366627547e-01 1.903857617944458569e-01 0.000000000000000000e+00 0.000000000000000000e+00 0.000000000000000000e+00 1.000000000000000000e+00 2.272928801924174649e-03 -3.898948265981104933e-04 2.804953864088632204e-02 -2.058946892053666045e-03 -8.921532957806824551e-03 8.289146503787284516e-04
7.278831044906879377e-01 -6.856521573357614585e-01 -8.203983045707352595e-03 6.706393327658648484e-01 -6.855693589996014747e-01 -7.274563851575110984e-01 -2.831716254221844364e-02 -1.669499521308888956e-01 1.344768373637565163e-02 2.623598357948664708e-02 -9.995653220113946968e-01 1.907373049865819237e-01 0.000000000000000000e+00 0.000000000000000000e+00 0.000000000000000000e+00 1.000000000000000000e+00 2.820116722509172398e-03 -1.328821458187697414e-03 3.252985534469755163e-02 -3.139103330907376879e-03 -1.277530412691758183e-02 -2.729837684185780662e-03
7.278792539554161944e-01 -6.856574506786730083e-01 -8.102591568717398829e-03 6.706649337137140510e-01 -6.855716813871344240e-01 -7.274532997563152303e-01 -2.834018972529682434e-02 -1.669545838690837947e-01 1.353740526555566488e-02 2.618314347956285024e-02 -9.995654964314266699e-01 1.910373337509297942e-01 0.000000000000000000e+00 0.000000000000000000e+00 0.000000000000000000e+00 1.000000000000000000e+00 1.451916640887729315e-03 -2.562528090676234431e-04 3.143024912951315752e-02 -1.497189711542820927e-04 4.884448879120347105e-05 9.524323837156496589e-04
7.278607649109806177e-01 -6.856786152561549219e-01 -7.971416662303221212e-03 6.706938219488500774e-01 -6.855890704711214978e-01 -7.274359547221097566e-01 -2.836473564262823044e-02 -1.669619509068616392e-01 1.365039756731394396e-02 2.611069432118766007e-02 -9.995658549031773976e-01 1.914002687838096961e-01 0.000000000000000000e+00 0.000000000000000000e+00 0.000000000000000000e+00 1.000000000000000000e+00 3.903135992706265565e-03 -1.025289359443811495e-03 3.776656549113673045e-02 -4.417248799495337476e-03 -2.015778751492502963e-02 -2.259966294712406794e-03
7.278458471352647896e-01 -6.856952285234544364e-01 -7.904200662706306613e-03 6.707177255400763594e-01 -6.856036459654633042e-01 -7.274214355847251623e-01 -2.838477920859658332e-02 -1.669733864557512437e-01 1.371362267281086775e-02 2.607889246162255203e-02 -9.995658197043169046e-01 1.917616396512407950e-01 0.000000000000000000e+00 0.000000000000000000e+00 0.000000000000000000e+00 1.000000000000000000e+00 1.807418916068564627e-03 -1.594088336270542893e-03 3.606624785601979938e-02 -1.886009623778331845e-03 -4.691193568007129798e-03 -4.452431522666111530e-03
7.278341675478945394e-01 -6.857084398054683616e-01 -7.833270671528946849e-03 6.707452897097049282e-01 -6.856148081143975670e-01 -7.274103662554481931e-01 -2.839883727149078441e-02 -1.669862453022914750e-01 1.377532010956837409e-02 2.604025045319214096e-02 -9.995659787688924158e-01 1.921435948239774150e-01 0.000000000000000000e+00 0.000000000000000000e+00 0.000000000000000000e+00 1.000000000000000000e+00 1.212050012202959236e-03 -2.561744567186780962e-03 3.689373369865162761e-02 -1.131159537789785214e-03 1.532552768571364551e-04 -3.616963287296540239e-03
7.278235959986638637e-01 -6.857210613250072084e-01 -7.709679816902570426e-03 6.707792076302860895e-01 -6.856239219634738813e-01 -7.274009662890585926e-01 -2.841956849017963915e-02 -1.669866747985359057e-01 1.387986811889061270e-02 2.597037344840015527e-02 -9.995663504560128310e-01 1.925521492018255065e-01 0.000000000000000000e+00 0.000000000000000000e+00 0.000000000000000000e+00 1.000000000000000000e+00 2.296101596423198200e-03 -1.749869749705047425e-04 3.955432849082071711e-02 -2.956961459274612728e-04 -4.795998077937491631e-03 -2.517873237650038003e-03
7.278167322156832153e-01 -6.857299314717547611e-01 -7.567389948132274835e-03 6.708172603990990579e-01 -6.856286649716565318e-01 -7.273952833741652579e-01 -2.845057985703509928e-02 -1.669999218156413556e-01 1.400493041997188763e-02 2.589522752864649099e-02 -9.995665556205706181e-01 1.929780056388973319e-01 0.000000000000000000e+00 0.000000000000000000e+00 0.000000000000000000e+00 1.000000000000000000e+00 3.918172497633699153e-03 -1.688843691081247551e-03 4.350150748689715630e-02 -3.186181034919610775e-03 -1.477002361571181678e-02 -1.214235191072564378e-03
7.278003900552100225e-01 -6.857485678494239512e-01 -7.449424672270887893e-03 6.708558494026161112e-01 -6.856439647631796808e-01 -7.273800952539796194e-01 -2.847017056743920971e-02 -1.670047284111187136e-01 1.410481546534651451e-02 2.582825431142108524e-02 -9.995668839351936619e-01 1.934075960729487176e-01 0.000000000000000000e+00 0.000000000000000000e+00 0.000000000000000000e+00 1.000000000000000000e+00 3.433347470395525271e-03 -1.453980341738746358e-03 4.212918111491210926e-02 -1.695038411518891720e-03 -1.035948675855630739e-02 -3.317977416505973106e-03
7.277936349933760152e-01 -6.857571866637056646e-01 -7.314766039206554993e-03 6.708945553709140253e-01 -6.856487598682918794e-01 -7.273746182574922781e-01 -2.849461011912635122e-02 -1.670072910687834533e-01 1.421980851496039942e-02 2.575355613982677552e-02 -9.995671820302777233e-01 1.938674062225666794e-01 0.000000000000000000e+00 0.000000000000000000e+00 0.000000000000000000e+00 1.000000000000000000e+00 3.739097261514304389e-03 -1.342439298207638229e-04 4.702524086803825526e-02 -2.551621574575794506e-03 -1.283804724897608454e-02 7.475663051681734643e-05
7.277857790917484637e-01 -6.857672609651824791e-01 -7.150072735863988171e-03 6.709342377750012743e-01 -6.856541174219574764e-01 -7.273682590757972743e-01 -2.852800293326780701e-02 -1.670132164248425422e-01 1.436283447420300292e-02 2.566475165193167485e-02 -9.995674211920432262e-01 1.943560865725522113e-01 0.000000000000000000e+00 0.000000000000000000e+00 0.000000000000000000e+00 1.000000000000000000e+00 3.340121510699411295e-03 -6.128077198872834003e-04 4.784691983830619694e-02 -3.598683172134392767e-03 -1.160281377942903522e-02 -8.219763123091878209e-04
7.277630919745674554e-01 -6.857927363164495471e-01 -7.014611551177385440e-03 6.709742553078019700e-01 -6.856757135803328573e-01 -7.273468306506170045e-01 -2.855527532005461278e-02 -1.670273585019801943e-01 1.448094491801577705e-02 2.559122423995033313e-02 -9.995676022541857275e-01 1.948475749441491711e-01 0.000000000000000000e+00 0.000000000000000000e+00 0.000000000000000000e+00 1.000000000000000000e+00 3.474189487460060087e-03 -1.312952336793365808e-03 4.670011798895415400e-02 -2.250592102295181918e-03 -8.892848148979866710e-03 -3.399641407106356560e-03
7.277558243396508031e-01 -6.858018552310527483e-01 -6.875718243304351773e-03 6.710133892310128356e-01 -6.856809012047366814e-01 -7.273409210784653744e-01 -2.858122194360561419e-02 -1.670345604586685184e-01 1.460006379353414457e-02 2.551469941770199285e-02 -9.995678257381281906e-01 1.953497550614697320e-01 0.000000000000000000e+00 0.000000000000000000e+00 0.000000000000000000e+00 1.000000000000000000e+00 3.039018256062372796e-03 -5.193497517264533334e-04 4.822462881634048681e-02 -5.460860740886323535e-04 -7.234412821876215482e-03 -3.571226605125401438e-04
7.277352990242372810e-01 -6.858249881537061832e-01 -6.739449389448148864e-03 6.710539749981684343e-01 -6.857000860334090397e-01 -7.273215924643758878e-01 -2.861281441696608696e-02 -1.670462625707394289e-01 1.472163604629346187e-02 2.544379608181820615e-02 -9.995678499597050459e-01 1.958629003324592055e-01 0.000000000000000000e+00 0.000000000000000000e+00 0.000000000000000000e+00 1.000000000000000000e+00 4.018044442267300169e-03 -1.637768626443821679e-07 5.184281535880412572e-02 -2.430907266110010276e-03 -1.227690903808763105e-02 -2.092556002733884056e-03
7.277182359729239547e-01 -6.858439856672737811e-01 -6.648034031527194632e-03 6.710897660371990536e-01 -6.857165572872589987e-01 -7.273055510229471388e-01 -2.862583646492708467e-02 -1.670581365965188581e-01 1.479770571964613042e-02 2.539021022433336425e-02 -9.995680892916694038e-01 1.963960406956621052e-01 0.000000000000000000e+00 0.000000000000000000e+00 0.000000000000000000e+00 1.000000000000000000e+00 2.389281427772362715e-03 -2.125340435557958492e-03 5.090285834023275391e-02 -2.461663074215072241e-04 -2.358885293804974942e-03 -3.343376816349130556e-03
7.277011054821631575e-01 -6.858629657502381960e-01 -6.564548143295156901e-03 6.711243693463634363e-01 -6.857332217897458282e-01 -7.272893418695903778e-01 -2.863846603352329656e-02 -1.670624488224235482e-01 1.486773734948142363e-02 2.534177213980387880e-02 -9.995682792940765449e-01 1.969697220701467077e-01 0.000000000000000000e+00 0.000000000000000000e+00 0.000000000000000000e+00 1.000000000000000000e+00 3.153226114696303095e-03 -7.097479989208439841e-04 5.588363586485234347e-02 -1.676622630575843069e-03 -7.447817095066013894e-03 -3.710240903035266422e-03
7.276972992015043884e-01 -6.858674304218403961e-01 -6.519863601189390678e-03 6.711550833633996849e-01 -6.857366164529713481e-01 -7.272863103876604507e-01 -2.863416802238687164e-02 -1.670585401808739601e-01 1.489743570104194378e-02 2.530791594038743139e-02 -9.995686948880940781e-01 1.975310591591807330e-01 0.000000000000000000e+00 0.000000000000000000e+00 0.000000000000000000e+00 1.000000000000000000e+00 2.747795091863503708e-03 8.424924473346493813e-04 5.424536004526956529e-02 3.362045754684028949e-03 1.909691875829019371e-03 -1.496798387529761458e-04
7.276743309582687225e-01 -6.858914923857850621e-01 -6.552002536348744410e-03 6.711851775002887210e-01 -6.857616851409994441e-01 -7.272632200140052294e-01 -2.862027266532458925e-02 -1.670637876995486326e-01 1.486537106878251316e-02 2.531935006395805154e-02 -9.995688826965982710e-01 1.982003584348263903e-01 0.000000000000000000e+00 0.000000000000000000e+00 0.000000000000000000e+00 1.000000000000000000e+00 2.978821755910927155e-03 5.761099559126875436e-05 5.827260699401703298e-02 3.016769097123117908e-04 3.623122004883346436e-04 -2.751557196438708143e-03
7.276591292437634140e-01 -6.859072674010215920e-01 -6.588790076412942565e-03 6.712015318788139284e-01 -6.857786054974828183e-01 -7.272478547020292394e-01 -2.860528051293864671e-02 -1.670692429425102155e-01 1.482888634171616871e-02 2.533334478033661546e-02 -9.995690700357353631e-01 1.986548440500787993e-01 0.000000000000000000e+00 0.000000000000000000e+00 0.000000000000000000e+00 1.000000000000000000e+00 2.981588761808822916e-03 -2.142506549334573240e-04 5.984558320958556499e-02 1.391620773951726371e-03 -1.190579616915782551e-03 -1.740315800222972178e-03
7.276402389002353255e-01 -6.859269381013120004e-01 -6.627089871693025991e-03 6.712231162820245789e-01 -6.857993830772863841e-01 -7.272286528471911815e-01 -2.859532564726222081e-02 -1.670764130381890977e-01 1.479489452554789107e-02 2.535196373100871009e-02 -9.995691016787981997e-01 1.992588723334996481e-01 0.000000000000000000e+00 0.000000000000000000e+00 0.000000000000000000e+00 1.000000000000000000e+00 2.059836426690166492e-03 -1.445463765634560221e-03 6.125404542095503474e-02 1.193241399101122209e-03 4.406034750249272075e-03 -6.638234995812682983e-03
7.276200201082770880e-01 -6.859477932333765127e-01 -6.688145923321453523e-03 6.712394728637522956e-01 -6.858221147829488551e-01 -7.272081200266296008e-01 -2.857231250666854294e-02 -1.670820645510318614e-01 1.473544068816135151e-02 2.537666498175139909e-02 -9.995693531026897949e-01 1.998744636316320822e-01 0.000000000000000000e+00 0.000000000000000000e+00 0.000000000000000000e+00 1.000000000000000000e+00 1.968484613620024096e-03 -1.428483048197298072e-03 6.136052505059830242e-02 6.467371143587910846e-04 3.589166722755862508e-03 -3.740901548988848774e-03
7.276055007958530663e-01 -6.859621717833869203e-01 -6.792208318031678349e-03 6.712521259926499395e-01 -6.858395598869709842e-01 -7.271928211427726163e-01 -2.854293209292947664e-02 -1.670846749411524224e-01 1.464012655895276585e-02 2.542635956315745377e-02 -9.995694907977648036e-01 2.004588320331972817e-01 0.000000000000000000e+00 0.000000000000000000e+00 0.000000000000000000e+00 1.000000000000000000e+00 1.225024418781061816e-03 -3.138017316029720512e-04 5.754334170619876399e-02 3.012584335417428216e-03 1.216748542226327688e-02 -2.152562279994558146e-03
7.275815571475129362e-01 -6.859862409545656181e-01 -6.924949084676002009e-03 6.712657010193707752e-01 -6.858674734879903756e-01 -7.271677821363924377e-01 -2.851009354669439833e-02 -1.670928904216935906e-01 1.452193203404870785e-02 2.549301558986480018e-02 -9.995695171653311561e-01 2.010391670322036473e-01 0.000000000000000000e+00 0.000000000000000000e+00 0.000000000000000000e+00 1.000000000000000000e+00 1.570459938263810140e-03 -1.358039431580449017e-03 5.854154795176769177e-02 2.489903806526768022e-03 9.488813985422167932e-03 -4.911795301465677992e-03
7.275552163861277455e-01 -6.860135564983296241e-01 -6.986230016799321874e-03 6.712811460766072713e-01 -6.858966224656504185e-01 -7.271410610497905935e-01 -2.849036022232687149e-02 -1.671016956792847064e-01 1.446479863488358067e-02 2.552014176876458984e-02 -9.995696533831719410e-01 2.016359851420106708e-01 0.000000000000000000e+00 0.000000000000000000e+00 0.000000000000000000e+00 1.000000000000000000e+00 2.280411826502631509e-03 -1.442338621510488948e-03 6.099622366365652082e-02 -2.429000902127157922e-04 -2.933147285410071543e-03 -3.560442724918302070e-03
7.275334635110657366e-01 -6.860371212937405039e-01 -6.937411519483294153e-03 6.713095974879277339e-01 -6.859189014223459058e-01 -7.271199706458534306e-01 -2.849226139735931695e-02 -1.671126030032907273e-01 1.450241852778806281e-02 2.548757530584225620e-02 -9.995699392047932008e-01 2.022851023792405223e-01 0.000000000000000000e+00 0.000000000000000000e+00 0.000000000000000000e+00 1.000000000000000000e+00 2.666937224412623333e-03 -1.173758557684476296e-03 6.426307261235289503e-02 1.097646716749423783e-03 1.518971634697722638e-04 -1.971053345912001688e-03
7.275082297130616160e-01 -6.860637274847224409e-01 -6.952519653758038043e-03 6.713285434228630777e-01 -6.859459175873873216e-01 -7.270945924969324237e-01 -2.848950169653406694e-02 -1.671238399073358694e-01 1.449047428363040534e-02 2.549539941809414456e-02 -9.995699128943142941e-01 2.028936274418190189e-01 0.000000000000000000e+00 0.000000000000000000e+00 0.000000000000000000e+00 1.000000000000000000e+00 1.650602397050716236e-03 -4.204401617497188770e-04 5.988122648581057500e-02 2.136836185260758154e-03 4.903424338443675840e-03 -2.599858819362993283e-03
7.274862925746300446e-01 -6.860871208958516654e-01 -6.939499755779343637e-03 6.713513695487343114e-01 -6.859689637421064745e-01 -7.270728441882730042e-01 -2.848964770852399631e-02 -1.671343198197135227e-01 1.450085854700000620e-02 2.548610964459199768e-02 -9.995699992079514207e-01 2.034845999499379499e-01 0.000000000000000000e+00 0.000000000000000000e+00 0.000000000000000000e+00 1.000000000000000000e+00 1.671934752005907118e-03 -1.142579581519260166e-03 5.958384586082215995e-02 4.893405160217176525e-04 6.256732546960481990e-04 -3.114527838230920619e-03
7.274662929142463597e-01 -6.861088918737069386e-01 -6.883397811970726199e-03 6.713766228073929643e-01 -6.859892163835881185e-01 -7.270535273844331847e-01 -2.849497014007819351e-02 -1.671410342933100091e-01 1.454605372719977238e-02 2.545106696559518503e-02 -9.995702354068363160e-01 2.040954718816769820e-01 0.000000000000000000e+00 0.000000000000000000e+00 0.000000000000000000e+00 1.000000000000000000e+00 1.123575818314249616e-03 -1.690823212360179073e-04 5.890041755832445269e-02 1.492365130210173427e-03 4.215389047394970702e-03 -2.197359313382230613e-03
7.274420040879020499e-01 -6.861350973529334318e-01 -6.838045704547490722e-03 6.714028920324730532e-01 -6.860141999614345343e-01 -7.270298098947562959e-01 -2.849864866388200635e-02 -1.671497095926113841e-01 1.458246000679089618e-02 2.542211055115622259e-02 -9.995704418175215267e-01 2.047279760226526080e-01 0.000000000000000000e+00 0.000000000000000000e+00 0.000000000000000000e+00 1.000000000000000000e+00 2.631374127386258352e-03 -1.547535716691654864e-03 6.438325460745562834e-02 -2.235876894496936079e-03 -8.493510517113112002e-03 -3.916014917768952629e-03
7.274323187962877801e-01 -6.861457864791429273e-01 -6.795680067109843847e-03 6.714301209416040361e-01 -6.860238077816173119e-01 -7.270207466713941580e-01 -2.849858007303579521e-02 -1.671542783176645786e-01 1.461358024122184213e-02 2.539278650103444016e-02 -9.995707326979148544e-01 2.053595620562703172e-01 0.000000000000000000e+00 0.000000000000000000e+00 0.000000000000000000e+00 1.000000000000000000e+00 3.137991493387099970e-03 -4.974639799768731593e-04 6.346699509754837043e-02 3.782450583727988715e-04 -6.942281934155336218e-03 -1.329662507015498280e-03
7.274034439627059534e-01 -6.861764145610870225e-01 -6.793954024392867552e-03 6.714499898444261650e-01 -6.860543817918004494e-01 -7.269919145009974271e-01 -2.849809597929042759e-02 -1.671636440026993964e-01 1.461557167766204014e-02 2.539063508984239909e-02 -9.995707582328875462e-01 2.059601709503012246e-01 0.000000000000000000e+00 0.000000000000000000e+00 0.000000000000000000e+00 1.000000000000000000e+00 2.640063056983660630e-03 -9.862025161460619138e-04 6.165036207475287772e-02 1.582195212581925857e-04 -6.277892030047305984e-03 -4.323795826821126391e-03
7.273899357665190024e-01 -6.861913056691752999e-01 -6.735975772790836480e-03 6.714735695767710677e-01 -6.860676632795051910e-01 -7.269790319483151464e-01 -2.850699054074211369e-02 -1.671708917121909610e-01 1.466433591331965831e-02 2.535703317667325693e-02 -9.995708969956551559e-01 2.065726110892049383e-01 0.000000000000000000e+00 0.000000000000000000e+00 0.000000000000000000e+00 1.000000000000000000e+00 8.152003830419248670e-04 -8.885706241870041516e-04 5.736416773630199917e-02 6.585083372875609768e-04 2.670568209947188874e-03 -1.980124268184168222e-03
7.273659617268128930e-01 -6.862178461658441364e-01 -6.620069843917331109e-03 6.715053288208190363e-01 -6.860909756484822042e-01 -7.269562889702870789e-01 -2.852590156791477705e-02 -1.671779723798050843e-01 1.476248132741523299e-02 2.529074000614504533e-02 -9.995711318435518411e-01 2.072280636271379151e-01 0.000000000000000000e+00 0.000000000000000000e+00 0.000000000000000000e+00 1.000000000000000000e+00 3.945358046400662330e-03 -1.148212409052553565e-03 6.647470571457797517e-02 -3.066874095762847988e-03 -1.617799499204779917e-02 -3.565573583480828590e-03
7.273447194264486271e-01 -6.862407840716470142e-01 -6.576123416757506668e-03 6.715318031473540561e-01 -6.861128253073243144e-01 -7.269357604825008590e-01 -2.852351802512378964e-02 -1.671807271631547132e-01 1.479358209705542576e-02 2.525839283207998581e-02 -9.995714899497075701e-01 2.079521209141324267e-01 0.000000000000000000e+00 0.000000000000000000e+00 0.000000000000000000e+00 1.000000000000000000e+00 2.745584041938765527e-03 1.706469772675281785e-04 6.768751819807888870e-02 3.581556429930781902e-04 -4.173717235268960095e-03 -1.780811274422185262e-03
7.273425283791462581e-01 -6.862419225391251931e-01 -6.698519301761296507e-03 6.715397871923793893e-01 -6.861175447026063301e-01 -7.269326008339968004e-01 -2.849050185568004212e-02 -1.671737943972309848e-01 1.468200470978032676e-02 2.531832527096853844e-02 -9.995716188163686899e-01 2.085184241279667283e-01 0.000000000000000000e+00 0.000000000000000000e+00 0.000000000000000000e+00 1.000000000000000000e+00 1.380447691960499240e-03 7.896139782849953201e-04 6.558156878083484798e-02 3.587687135407008517e-03 1.317322777300431944e-02 6.093460056743505056e-04
7.273125663105569627e-01 -6.862725781352441157e-01 -6.810241284768647763e-03 6.715438109691673763e-01 -6.861515587232638325e-01 -7.269019530171452192e-01 -2.845328032925981132e-02 -1.671772174058456795e-01 1.457632835754957799e-02 2.536728600905322970e-02 -9.995719241015864620e-01 2.091735663724551553e-01 0.000000000000000000e+00 0.000000000000000000e+00 0.000000000000000000e+00 1.000000000000000000e+00 2.484880447706887263e-03 1.597838972784731103e-03 7.220647584647092720e-02 1.605111444246770658e-03 -3.533130564970622580e-03 -6.772475308230296994e-04
7.272975289548061495e-01 -6.862876983938883679e-01 -6.891981533061974918e-03 6.715492213146863065e-01 -6.861691059125186731e-01 -7.268863594260949190e-01 -2.842848169517296630e-02 -1.671792276447172654e-01 1.450042990561366610e-02 2.540502929534294713e-02 -9.995720694472485235e-01 2.098441794187489717e-01 0.000000000000000000e+00 0.000000000000000000e+00 0.000000000000000000e+00 1.000000000000000000e+00 -2.960168834676250860e-04 3.769074211165397530e-04 6.784919374888451205e-02 4.198411399778399604e-03 1.529332255525560520e-02 -8.060631912616398644e-04
7.272633144758927637e-01 -6.863234165512482887e-01 -6.945452538219321070e-03 6.715617571635956740e-01 -6.862064074151748017e-01 -7.268518061770200545e-01 -2.841158706518596977e-02 -1.671877443662232732e-01 1.445122278210015168e-02 2.542871901267167514e-02 -9.995721796896295253e-01 2.105530116588763823e-01 0.000000000000000000e+00 0.000000000000000000e+00 0.000000000000000000e+00 1.000000000000000000e+00 1.592177047790736821e-03 -5.219225422690020218e-04 6.842244485377083074e-02 1.061672194782785870e-03 5.267403355964686042e-03 -5.839028936626362853e-03
7.272347592612412592e-01 -6.863523965514386482e-01 -7.070549507744883222e-03 6.715683039105493357e-01 -6.862390416218608902e-01 -7.268223144909219391e-01 -2.837782429943021267e-02 -1.671983222960423676e-01 1.433815455888773523e-02 2.548942734068872576e-02 -9.995722617288304024e-01 2.112437644230821254e-01 0.000000000000000000e+00 0.000000000000000000e+00 0.000000000000000000e+00 1.000000000000000000e+00 3.531161761863473025e-04 -3.711383861153879499e-04 6.630219833816988761e-02 3.845903496491356183e-03 1.601515497999188298e-02 -3.498803684236245336e-03
7.272099014749809909e-01 -6.863771993193614751e-01 -7.217994961043305846e-03 6.715665306154858794e-01 -6.862681870565756626e-01 -7.267964180616109937e-01 -2.833623346340780058e-02 -1.672029205599668000e-01 1.420333168060037253e-02 2.555986986119557908e-02 -9.995723877848214922e-01 2.119262650169442264e-01 0.000000000000000000e+00 0.000000000000000000e+00 0.000000000000000000e+00 1.000000000000000000e+00 -8.679437462288629168e-04 -1.121102086199897169e-03 6.781986235895144655e-02 4.595284831852680316e-03 1.786244366470558093e-02 -5.163547743137849103e-03
7.271886973502232898e-01 -6.863982600402156464e-01 -7.350310187334618828e-03 6.715635844984333414e-01 -6.862932489762795241e-01 -7.267744819407583323e-01 -2.829185058147466736e-02 -1.671982321772713387e-01 1.407745913393788906e-02 2.561798222941908884e-02 -9.995726807645481937e-01 2.126387194444422923e-01 0.000000000000000000e+00 0.000000000000000000e+00 0.000000000000000000e+00 1.000000000000000000e+00 -5.041540443935406401e-04 -8.435909032974463553e-04 7.426007861672682953e-02 3.157307977963819557e-03 1.138858364169577538e-02 -5.061811340092487420e-03
7.271781794566967161e-01 -6.864085283298932971e-01 -7.431524610344020232e-03 6.715671321032025132e-01 -6.863060397159675974e-01 -7.267636411034256172e-01 -2.826003926882621198e-02 -1.671916314918016899e-01 1.399697008029673201e-02 2.565038413125668090e-02 -9.995729801382639002e-01 2.133759352701428413e-01 0.000000000000000000e+00 0.000000000000000000e+00 0.000000000000000000e+00 1.000000000000000000e+00 8.428134180471138354e-04 2.095586270285236009e-04 7.535216216633243425e-02 2.807845432330812428e-03 7.385412284540600336e-03 -2.892907838470220455e-03
7.271463872306015430e-01 -6.864405009841915151e-01 -7.587499328235380869e-03 6.715700109902497106e-01 -6.863426652813576778e-01 -7.267309083667775615e-01 -2.821227815827943852e-02 -1.671931155226340782e-01 1.385198007383387116e-02 2.572208065009934028e-02 -9.995731575102764221e-01 2.140788382265795819e-01 0.000000000000000000e+00 0.000000000000000000e+00 0.000000000000000000e+00 1.000000000000000000e+00 2.951999796120107628e-04 4.248396867521401707e-04 6.697190987827929265e-02 5.340140297142750674e-03 1.744262691474230548e-02 -3.957971107045099579e-03
7.271301030219075034e-01 -6.864567926436023759e-01 -7.673663584511825064e-03 6.715754719276916251e-01 -6.863614735679446355e-01 -7.267140100988318530e-01 -2.818998275477033189e-02 -1.671959325882619030e-01 1.377464631086809145e-02 2.576469211019219788e-02 -9.995731287702153134e-01 2.147903223790248728e-01 0.000000000000000000e+00 0.000000000000000000e+00 0.000000000000000000e+00 1.000000000000000000e+00 1.096660304006135539e-03 -2.538187993266455104e-04 7.266465847904735043e-02 4.366835348195481788e-04 4.350507622452047573e-04 -2.022397251880346438e-03
7.270969389690146167e-01 -6.864924207345781682e-01 -7.628736190738061307e-03 6.715827642348681792e-01 -6.863958889431056587e-01 -7.266814039909827994e-01 -2.819256525571164906e-02 -1.672012394345509245e-01 1.381032164334873753e-02 2.573506105826622523e-02 -9.995733998303648615e-01 2.155459960876280612e-01 0.000000000000000000e+00 0.000000000000000000e+00 0.000000000000000000e+00 1.000000000000000000e+00 1.844907770926929730e-04 -1.131363819830577804e-03 7.672587091115315450e-02 6.256622283019217749e-04 1.449646457659707188e-03 -6.752749460146709529e-03
7.270786494304517511e-01 -6.865116141812590556e-01 -7.644680283209415173e-03 6.715885329192918807e-01 -6.864156715445022261e-01 -7.266632509751257407e-01 -2.817881367927915770e-02 -1.672046564328826257e-01 1.378997463741235378e-02 2.573564214282491117e-02 -9.995736657810649906e-01 2.162695662736032198e-01 0.000000000000000000e+00 0.000000000000000000e+00 0.000000000000000000e+00 1.000000000000000000e+00 -2.094778012005499290e-04 -4.007437691875186461e-04 7.002263591661624098e-02 3.571621908728733839e-03 9.563431211468130175e-03 -3.970925936122652634e-03
7.270495969680454973e-01 -6.865425833788926235e-01 -7.626582199049491972e-03 6.716027317231775262e-01 -6.864462068324551636e-01 -7.266345443347769217e-01 -2.817523921327186320e-02 -1.672127434255264444e-01 1.380176343575995924e-02 2.572003473612099328e-02 -9.995739047910543462e-01 2.170379036625850189e-01 0.000000000000000000e+00 0.000000000000000000e+00 0.000000000000000000e+00 1.000000000000000000e+00 7.857185897360459415e-04 -4.862395952643966575e-04 6.879409600134082925e-02 1.115538202355612855e-03 3.032889235227028378e-04 -2.887580929509517801e-03
