7.205940545369697858e-01 -6.927860540332700934e-01 -2.813702015107300003e-02 5.936230409045176737e-01 -6.933549020890370507e-01 -7.201025904444031678e-01 -2.666906418234593623e-02 -2.179226927025363358e-01 -1.785585358526535840e-03 3.872650994178777895e-02 -9.992482519937958552e-01 1.775390082601548958e-01 0.000000000000000000e+00 0.000000000000000000e+00 0.000000000000000000e+00 1.000000000000000000e+00 -2.885666106197034837e-04 -5.373894579824721376e-04 2.910333017698060873e-04 1.418352099058899920e-04 -2.137174371853884096e-04 -1.860565910577805437e-03
7.205882724149114127e-01 -6.927926156624010234e-01 -2.812353714848025987e-02 5.936250163122944734e-01 -6.933609541559575540e-01 -7.200964073109901165e-01 -2.667866993956935495e-02 -2.179273161816432103e-01 -1.768872531669662615e-03 3.872409923359267786e-02 -9.992483751442948758e-01 1.775497885163407341e-01 0.000000000000000000e+00 0.000000000000000000e+00 0.000000000000000000e+00 1.000000000000000000e+00 2.194176137862083450e-05 -1.431867102396467903e-03 1.088221559161602113e-03 -1.188245245574117565e-03 -1.209117288796442927e-03 -1.746807309186900001e-03
7.205869355500411633e-01 -6.927950038021373214e-01 -2.809895053907934814e-02 5.936277990511996672e-01 -6.933624086005930609e-01 -7.200945854097464682e-01 -2.669004314627121399e-02 -2.179303322097663753e-01 -1.743173595887314090e-03 3.871525242539504419e-02 -9.992487631092932254e-01 1.775677938338864337e-01 0.000000000000000000e+00 0.000000000000000000e+00 0.000000000000000000e+00 1.000000000000000000e+00 3.732854604045317477e-05 -9.194652368194858490e-05 1.081185830879448492e-03 -9.113210668080450830e-04 -1.102373589106665167e-03 -1.555957281699793440e-03
7.205905682436428705e-01 -6.927919847294914391e-01 -2.808022173836355329e-02 5.936297865933292117e-01 -6.933586764956499726e-01 -7.200979662393388603e-01 -2.669578143019107896e-02 -2.179295620138829437e-01 -1.725887164418573108e-03 3.870639369070563718e-02 -9.992491363023314754e-01 1.775845186040319601e-01 0.000000000000000000e+00 0.000000000000000000e+00 0.000000000000000000e+00 1.000000000000000000e+00 -5.654945175607491853e-04 3.027822410936107083e-04 -2.602923811064074126e-04 4.479487907089155403e-04 1.751090645177840691e-03 1.133629866749657220e-03
7.206029226002579335e-01 -6.927801914575468789e-01 -2.805413096161751829e-02 5.936356595537598535e-01 -6.933458890139008179e-01 -7.201101171455928096e-01 -2.670013805365878401e-02 -2.179228198814774364e-01 -1.704736780431471282e-03 3.869141388739195941e-02 -9.992497527464812013e-01 1.776057829524974596e-01 0.000000000000000000e+00 0.000000000000000000e+00 0.000000000000000000e+00 1.000000000000000000e+00 2.076863352187176151e-04 1.033164909408653244e-03 7.760260310931663174e-04 -8.281986923937778794e-04 -5.449453824372570143e-04 3.574266962085036192e-03
7.205942940210000591e-01 -6.927895292752042078e-01 -2.804516983399168994e-02 5.936377048933587641e-01 -6.933548795127078002e-01 -7.201013344294798779e-01 -2.670354300089949895e-02 -2.179236462748547487e-01 -1.695429236185548583e-03 3.868767606775327245e-02 -9.992499133050660731e-01 1.776211296385957206e-01 0.000000000000000000e+00 0.000000000000000000e+00 0.000000000000000000e+00 1.000000000000000000e+00 6.872156990270048178e-04 2.758341090573990673e-03 8.569554771164235828e-04 2.224006783124117797e-03 -3.467735313572596059e-04 1.700130073616626901e-03
7.205998456734720170e-01 -6.927841515204582468e-01 -2.803536726078764696e-02 5.936414438081093481e-01 -6.933491301585524846e-01 -7.201067834275737267e-01 -2.670588268476581373e-02 -2.179252617144467330e-01 -1.687045864006102638e-03 3.868255244515871744e-02 -9.992501258506703010e-01 1.776359685076360773e-01 0.000000000000000000e+00 0.000000000000000000e+00 0.000000000000000000e+00 1.000000000000000000e+00 2.480209980959567411e-04 -6.096576437689652135e-04 8.019132015966973616e-04 3.509887801664396379e-04 -1.589827149231918852e-04 3.411700322895417151e-05
7.205929938172433991e-01 -6.927920086516792253e-01 -2.801731625038073048e-02 5.936433947649052412e-01 -6.933562991916077944e-01 -7.200995374455465559e-01 -2.671513694569441211e-02 -2.179297587428885574e-01 -1.667223086352606284e-03 3.867672322058058471e-02 -9.992503847625471280e-01 1.776515584416112348e-01 0.000000000000000000e+00 0.000000000000000000e+00 0.000000000000000000e+00 1.000000000000000000e+00 -5.672090170787046580e-05 -1.522081522057756181e-03 2.035527470357346037e-03 -1.009844313431838402e-03 -9.135081872599310274e-04 -2.885551765834231622e-03
7.205937297297158040e-01 -6.927915634636228059e-01 -2.800939606357688572e-02 5.936447775169688690e-01 -6.933555602035901266e-01 -7.200999758838090292e-01 -2.672249739270807223e-02 -2.179298973781829130e-01 -1.656444681554933990e-03 3.867653456252971578e-02 -9.992504099900335612e-01 1.776679436403604817e-01 0.000000000000000000e+00 0.000000000000000000e+00 0.000000000000000000e+00 1.000000000000000000e+00 4.005901467850942637e-04 8.190504388977772662e-04 1.791621261400028328e-03 -1.173836712168547375e-03 -2.110834909939702814e-03 1.636345534974505654e-03
7.206028975067726439e-01 -6.927829749833497308e-01 -2.798595501431017096e-02 5.936496548739601531e-01 -6.933460848367967166e-01 -7.201087885389233501e-01 -2.673086812075969876e-02 -2.179281912707268232e-01 -1.634241820872097545e-03 3.866629336028142017e-02 -9.992508428875341853e-01 1.776872986012318356e-01 0.000000000000000000e+00 0.000000000000000000e+00 0.000000000000000000e+00 1.000000000000000000e+00 7.353374002833477788e-04 9.069938496691926783e-04 6.294838570055351313e-04 -1.060067243627721119e-03 -9.737884083059325296e-04 3.467802936732176065e-03
7.205927741863682456e-01 -6.927941078834358724e-01 -2.797101843673438504e-02 5.936510242081664002e-01 -6.933566347234791927e-01 -7.200985820706746754e-01 -2.673217508426398159e-02 -2.179291163947747467e-01 -1.621997326078615520e-03 3.865690341708801631e-02 -9.992512261402917151e-01 1.777031111857110823e-01 0.000000000000000000e+00 0.000000000000000000e+00 0.000000000000000000e+00 1.000000000000000000e+00 9.897313252436546957e-04 -2.422281997085721475e-04 5.030940795008188859e-03 -2.249939028595152567e-03 -7.623300369143289242e-03 -8.182537276059186722e-04
7.206059615553217501e-01 -6.927798041034134435e-01 -2.798555336894187340e-02 5.936542515790060870e-01 -6.933428941294735859e-01 -7.201120073902049779e-01 -2.672691476049471326e-02 -2.179234326388408416e-01 -1.636866242370195804e-03 3.866315867703037923e-02 -9.992509598844623309e-01 1.777140627227201675e-01 0.000000000000000000e+00 0.000000000000000000e+00 0.000000000000000000e+00 1.000000000000000000e+00 -4.872975081272977590e-04 4.113853870788119343e-04 -1.897736981344387824e-04 1.932143536379785304e-03 7.354757037473403682e-03 1.259389112373298682e-03
7.205992535578180647e-01 -6.927865296483572966e-01 -2.799178646855310371e-02 5.936546384537950694e-01 -6.933498499314352248e-01 -7.201054490379619200e-01 -2.672317095502313444e-02 -2.179222312370204251e-01 -1.643585097182126420e-03 3.866479799017183416e-02 -9.992508854258811413e-01 1.777278382661005296e-01 0.000000000000000000e+00 0.000000000000000000e+00 0.000000000000000000e+00 1.000000000000000000e+00 -2.603972213674377208e-04 3.642636317812024730e-04 -3.553137666342513117e-04 7.428528930680204775e-04 2.085093417593279503e-03 -3.627471224652752948e-04
7.206014813944870978e-01 -6.927851122563664088e-01 -2.796950568037864793e-02 5.936554187001793492e-01 -6.933475896013213680e-01 -7.201072267046856323e-01 -2.673391182981230130e-02 -2.179257862500913190e-01 -1.620187059729985210e-03 3.865708581386329001e-02 -9.992512220209044393e-01 1.777505718799687329e-01 0.000000000000000000e+00 0.000000000000000000e+00 0.000000000000000000e+00 1.000000000000000000e+00 5.120635085250238951e-05 -6.314918544387834818e-04 4.085100654904703097e-04 -3.674746419326535302e-04 -9.391059439043433332e-04 -9.407450792596690247e-04
7.205933480506643285e-01 -6.927934751321747076e-01 -2.797190661036513815e-02 5.936548469319149479e-01 -6.933560466497008523e-01 -7.200989215022107759e-01 -2.673828389502022618e-02 -2.179302127307196080e-01 -1.618431163782740878e-03 3.866192009765918869e-02 -9.992510378353032241e-01 1.777631402626854151e-01 0.000000000000000000e+00 0.000000000000000000e+00 0.000000000000000000e+00 1.000000000000000000e+00 -6.557669395004351405e-04 -1.109881758535459333e-03 3.164477036359596390e-04 -5.278881144817305308e-04 1.491316794549774191e-03 -7.506023973548239109e-04
7.205953895621914906e-01 -6.927924127891140760e-01 -2.794561367283632247e-02 5.936610409255619336e-01 -6.933539901642817860e-01 -7.201004015942038539e-01 -2.675174661841345225e-02 -2.179345916680727191e-01 -1.590240542512328173e-03 3.865338802361528714e-02 -9.992514131735380500e-01 1.777853933217216631e-01 0.000000000000000000e+00 0.000000000000000000e+00 0.000000000000000000e+00 1.000000000000000000e+00 1.348668057619225712e-03 -9.801581167850095767e-05 4.381961099131421143e-03 -3.051970347489951947e-03 -7.418890762586943279e-03 2.333752826110549895e-03
7.205864134633634954e-01 -6.928029582425536681e-01 -2.791561896810779153e-02 5.936676335061873422e-01 -6.933633840435700080e-01 -7.200910047142543569e-01 -2.676121442058068678e-02 -2.179409772273865620e-01 -1.561537593223262174e-03 3.863943555464826457e-02 -9.992519980567279303e-01 1.778102603576445506e-01 0.000000000000000000e+00 0.000000000000000000e+00 0.000000000000000000e+00 1.000000000000000000e+00 4.066264694086104445e-04 -4.298572382077330131e-04 9.436050384096340100e-04 2.980726733625239716e-04 -1.643337230359259856e-04 -1.503549037580881841e-03
7.205992079219030177e-01 -6.927915984363999247e-01 -2.786723305718558086e-02 5.936772558450909010e-01 -6.933501863627526962e-01 -7.201031456529175534e-01 -2.677645778494372464e-02 -2.179376094679656983e-01 -1.516777195826560232e-03 3.861684550439871411e-02 -9.992529402659906523e-01 1.778421228558322853e-01 0.000000000000000000e+00 0.000000000000000000e+00 0.000000000000000000e+00 1.000000000000000000e+00 1.224255476985960543e-03 -9.322125466101533245e-05 4.569817063194567090e-03 -1.748281824276471264e-03 -6.511265130537479719e-03 9.019697983311024750e-04
7.206012263341107227e-01 -6.927912501872437456e-01 -2.782366384521534064e-02 5.936841067252407456e-01 -6.933481807243213613e-01 -7.201044660222370997e-01 -2.679287780553993303e-02 -2.179381985403544553e-01 -1.474073285026909416e-03 3.859846731185707924e-02 -9.992537142433477459e-01 1.778722485018121302e-01 0.000000000000000000e+00 0.000000000000000000e+00 0.000000000000000000e+00 1.000000000000000000e+00 6.462943846570069328e-04 2.232812507022778723e-04 2.356997636225669802e-03 -1.126299579454145133e-03 -3.083013588692221172e-03 2.904092453364551674e-03
7.205948887287313420e-01 -6.927996273966660068e-01 -2.777917596092388530e-02 5.936909727922972113e-01 -6.933548555805868485e-01 -7.200975215260412288e-01 -2.680678523949273084e-02 -2.179408819781700202e-01 -1.431984933873991020e-03 3.857765896336127348e-02 -9.992545789977926862e-01 1.779070989526372881e-01 0.000000000000000000e+00 0.000000000000000000e+00 0.000000000000000000e+00 1.000000000000000000e+00 2.511367972591732872e-04 2.061297286001708285e-04 2.361447849427353134e-03 -2.403874732822145811e-04 -2.912209200837115406e-03 -6.408444956019356898e-04
7.205967298176481073e-01 -6.927990061416122725e-01 -2.774689289462617392e-02 5.936955316935865756e-01 -6.933530066894171284e-01 -7.200988501803721187e-01 -2.681891279770631797e-02 -2.179406858818307147e-01 -1.400389537448957014e-03 3.856401247407026389e-02 -9.992551505251515698e-01 1.779389492213994950e-01 0.000000000000000000e+00 0.000000000000000000e+00 0.000000000000000000e+00 1.000000000000000000e+00 -5.758433567719329965e-05 -2.419470244363413573e-05 2.205792677503095982e-03 -3.259196908074965819e-04 -4.965077932488154650e-04 -1.528542668546043967e-03
7.206005704937015199e-01 -6.927956699991878464e-01 -2.773044237887817287e-02 5.936987951389879337e-01 -6.933490477967260146e-01 -7.201024128041437766e-01 -2.682560331145922294e-02 -2.179388751130417190e-01 -1.384096645861475003e-03 3.855742086845240224e-02 -9.992554275921887719e-01 1.779756895303069297e-01 0.000000000000000000e+00 0.000000000000000000e+00 0.000000000000000000e+00 1.000000000000000000e+00 -9.293183212285713530e-04 1.621732063138379965e-04 2.025488788920107829e-03 1.253397043976508477e-03 4.942128082195913763e-03 -1.005829638361808911e-03
7.206068380382022465e-01 -6.927894287952366392e-01 -2.772349765368964380e-02 5.937034026680197973e-01 -6.933425458153310572e-01 -7.201086009124060272e-01 -2.682754282995050699e-02 -2.179315924227665513e-01 -1.378091034655647834e-03 3.855399125313958147e-02 -9.992555682224408820e-01 1.780127786024743031e-01 0.000000000000000000e+00 0.000000000000000000e+00 0.000000000000000000e+00 1.000000000000000000e+00 3.396923856943542212e-04 1.130230126045757462e-03 3.738735454334338355e-03 3.087948865826700023e-04 1.107505452481088786e-03 9.166904532033413443e-04
7.206118108983835535e-01 -6.927836028795801848e-01 -2.773981930259311612e-02 5.937075896808239328e-01 -6.933373467163037596e-01 -7.201137832964142893e-01 -2.682280289083818769e-02 -2.179278632926606452e-01 -1.393428199905601128e-03 3.856188127818700739e-02 -9.992552425032049657e-01 1.780442970707943606e-01 0.000000000000000000e+00 0.000000000000000000e+00 0.000000000000000000e+00 1.000000000000000000e+00 3.082733061348593459e-04 2.815701438389234951e-04 4.306621956509458504e-03 -1.052947369235079618e-03 -2.277414409532602449e-03 1.010579158197825664e-03
7.206161516861536720e-01 -6.927805964611164491e-01 -2.770211356589746821e-02 5.937184252621197089e-01 -6.933329120248157285e-01 -7.201174171647639621e-01 -2.683986958124248701e-02 -2.179297222295492054e-01 -1.354633613647416787e-03 3.854803059727910514e-02 -9.992558302581194818e-01 1.780930947613886539e-01 0.000000000000000000e+00 0.000000000000000000e+00 0.000000000000000000e+00 1.000000000000000000e+00 -4.856648093796552207e-04 -1.136187437306044549e-03 2.474278570130853012e-03 7.585898945838009683e-04 4.815490028477644249e-03 -2.181918263643191185e-03
7.206187408103724712e-01 -6.927817910762219533e-01 -2.760471601185138235e-02 5.937360386183091476e-01 -6.933304055259557064e-01 -7.201183315032426702e-01 -2.688005591883185774e-02 -2.179331753580169284e-01 -1.256648752397952068e-03 3.850946099606677997e-02 -9.992574454302081133e-01 1.781611590173531323e-01 0.000000000000000000e+00 0.000000000000000000e+00 0.000000000000000000e+00 1.000000000000000000e+00 2.516937729697588284e-03 -9.503312057671871489e-04 9.256893325117346652e-03 -5.970113891124628931e-03 -1.375890723314015379e-02 5.945359035858825345e-04
7.206142813435612027e-01 -6.927901658208571734e-01 -2.751079180270521451e-02 5.937517903842728373e-01 -6.933351978185399167e-01 -7.201125306932035786e-01 -2.691183019707210633e-02 -2.179395894017339408e-01 -1.166614601647502497e-03 3.846724945377637955e-02 -9.992591804581193449e-01 1.782286869360979187e-01 0.000000000000000000e+00 0.000000000000000000e+00 0.000000000000000000e+00 1.000000000000000000e+00 1.817696801751372696e-03 -1.071243139405248781e-03 7.821219997061519200e-03 -3.960088736728041917e-03 -1.020948806012648286e-02 -1.859981003179928677e-03
7.206078031140180640e-01 -6.928019324910884569e-01 -2.738387167297501312e-02 5.937703276428614174e-01 -6.933421334769607203e-01 -7.201039405042046759e-01 -2.696295265606113434e-02 -2.179517827696476062e-01 -1.039248192185909109e-03 3.841610608755134659e-02 -9.992612885308151949e-01 1.783285137218676430e-01 0.000000000000000000e+00 0.000000000000000000e+00 0.000000000000000000e+00 1.000000000000000000e+00 1.164191222305601629e-03 -8.001281159063179573e-04 7.004306880270295098e-03 -3.756861825637520386e-03 -9.681373146035170130e-03 -2.855039393809477837e-03
7.206160029130941336e-01 -6.927971333384215225e-01 -2.728934560631657291e-02 5.937857015632590496e-01 -6.933337411110493953e-01 -7.201107810155030764e-01 -2.699604604749661352e-02 -2.179565086390636841e-01 -9.485686647888787876e-04 3.837440687890460167e-02 -9.992629809585564793e-01 1.784043505410488062e-01 0.000000000000000000e+00 0.000000000000000000e+00 0.000000000000000000e+00 1.000000000000000000e+00 3.481755608906792181e-03 -7.311908325655324097e-04 1.338676702505465187e-02 -6.309970637052505181e-03 -2.009340466396031949e-02 2.421150651225988451e-03
7.206047127716381784e-01 -6.928110509113698523e-01 -2.723409015165051406e-02 5.937991935203710270e-01 -6.933455533142091065e-01 -7.200984155097995831e-01 -2.702250320917126691e-02 -2.179652264411227058e-01 -8.897363194527944247e-04 3.835517846862074309e-02 -9.992637733120930399e-01 1.784946773993925095e-01 0.000000000000000000e+00 0.000000000000000000e+00 0.000000000000000000e+00 1.000000000000000000e+00 2.013007141912108184e-03 -1.025828313053916020e-03 1.129192878865423535e-02 -3.139305147547718187e-03 -7.919607316889336335e-03 -1.712682944152267312e-03
7.206040095145261892e-01 -6.928126240683787351e-01 -2.721266989980891671e-02 5.938103565215001600e-01 -6.933463180525960556e-01 -7.200970688812768916e-01 -2.703876164882590416e-02 -2.179707861764182686e-01 -8.629684218036445115e-04 3.835204453586481960e-02 -9.992639170736736798e-01 1.785796758699481901e-01 0.000000000000000000e+00 0.000000000000000000e+00 0.000000000000000000e+00 1.000000000000000000e+00 4.012621753412244988e-04 5.146897400458450575e-04 7.288261115354245125e-03 6.053531062986453309e-04 3.734969384219406167e-03 -2.606986259159746119e-04
7.206060666604471310e-01 -6.928152396395006463e-01 -2.709133469249469517e-02 5.938275753573220017e-01 -6.933443157808818480e-01 -7.200973930747947005e-01 -2.708143757678901919e-02 -2.179719241225499538e-01 -7.459668224368606188e-04 3.829867112767895015e-02 -9.992660583264867391e-01 1.786882099647495170e-01 0.000000000000000000e+00 0.000000000000000000e+00 0.000000000000000000e+00 1.000000000000000000e+00 1.654607699931870055e-03 3.326552875316281786e-04 1.141392264139165329e-02 -4.773894072933320722e-03 -1.480268921857356285e-02 1.356960447892578215e-03
7.206010692551849672e-01 -6.928234986599426382e-01 -2.701293565832574295e-02 5.938420590930484355e-01 -6.933495936154019379e-01 -7.200909113588394028e-01 -2.711863587558804856e-02 -2.179862440532392143e-01 -6.633412704716221131e-04 3.827112596974994313e-02 -9.992671719291923438e-01 1.787761973011369188e-01 0.000000000000000000e+00 0.000000000000000000e+00 0.000000000000000000e+00 1.000000000000000000e+00 8.959140827064076282e-04 -2.595194781410670865e-03 9.380878087971637400e-03 -5.140802933109678806e-03 -9.005810316559300852e-03 -1.977556593507372694e-03
7.206033924909354127e-01 -6.928259988292263527e-01 -2.688654081208108337e-02 5.938689598563221539e-01 -6.933472849864641407e-01 -7.200914556715296566e-01 -2.716317122053735211e-02 -2.179923108508177443e-01 -5.414170791055456650e-04 3.821558340706562862e-02 -9.992693711169196025e-01 1.788803658624372739e-01 0.000000000000000000e+00 0.000000000000000000e+00 0.000000000000000000e+00 1.000000000000000000e+00 2.759413451098202252e-03 -2.333524371180333229e-04 1.011450641516409288e-02 -4.533416936854454439e-03 -1.458906673397416739e-02 2.568668205665660363e-03
7.205925420140456561e-01 -6.928432716927019897e-01 -2.673180248110273993e-02 5.938906294316516066e-01 -6.933586660011736846e-01 -7.200781215669487256e-01 -2.722607429813100888e-02 -2.180056207707061766e-01 -3.855837246256668682e-04 3.815363299565784072e-02 -9.992718106773672559e-01 1.789977157903602234e-01 0.000000000000000000e+00 0.000000000000000000e+00 0.000000000000000000e+00 1.000000000000000000e+00 2.588602924114617905e-03 -1.758821058982260087e-03 1.300811315473913120e-02 -7.070901629780349494e-03 -1.825963434267333443e-02 -2.342011593026527803e-03
7.206026090607817736e-01 -6.928369704940496865e-01 -2.662352590137911923e-02 5.939117335901834549e-01 -6.933482539326230043e-01 -7.200866350925425596e-01 -2.726603619307652049e-02 -2.180070168827645538e-01 -2.803272672309668756e-04 3.810735201672782457e-02 -9.992736117495029102e-01 1.791105615923727079e-01 0.000000000000000000e+00 0.000000000000000000e+00 0.000000000000000000e+00 1.000000000000000000e+00 3.057934048231514702e-03 -5.306989457577094725e-04 1.172856240000479111e-02 -5.541454632269391702e-03 -1.553551678067995392e-02 6.698613144329773790e-04
7.206044765988873779e-01 -6.928368382529314085e-01 -2.657637795721662366e-02 5.939257607223974444e-01 -6.933463306925337077e-01 -7.200877223062129850e-01 -2.728622178041525959e-02 -2.180057685120597721e-01 -2.324238441500908053e-04 3.808920770417140861e-02 -9.992743158090400257e-01 1.792088214322577200e-01 0.000000000000000000e+00 0.000000000000000000e+00 0.000000000000000000e+00 1.000000000000000000e+00 1.031088135606654911e-03 1.013139586319805130e-03 9.395177791647831705e-03 -3.146381996448573463e-04 -6.114271072019794974e-04 6.472355343748529806e-04
7.206100020798374972e-01 -6.928348850172778572e-01 -2.647729226321682283e-02 5.939422679525337978e-01 -6.933406134571932222e-01 -7.200918736038892654e-01 -2.732191977961115348e-02 -2.180052364324180092e-01 -1.365038448191691067e-04 3.804623072967477926e-02 -9.992759707377961709e-01 1.793307309355868795e-01 0.000000000000000000e+00 0.000000000000000000e+00 0.000000000000000000e+00 1.000000000000000000e+00 1.573256280402979788e-03 -3.418152105052140962e-04 1.196434355123801065e-02 -4.564960067347085225e-03 -1.059033653781686103e-02 -1.142167207858760074e-03
7.206186672722511011e-01 -6.928278848077455976e-01 -2.642457968614531083e-02 5.939561554371166618e-01 -6.933316153173524343e-01 -7.200998863060232846e-01 -2.733907356665443711e-02 -2.180009443584149664e-01 -8.706431588920843234e-05 3.802204327593783351e-02 -9.992768968834050414e-01 1.794209175975430559e-01 0.000000000000000000e+00 0.000000000000000000e+00 0.000000000000000000e+00 1.000000000000000000e+00 3.065580333128966727e-04 -5.105193657760865797e-04 7.414242119806985221e-03 -6.543984501178020177e-04 1.841328078029912108e-03 3.562557556680623957e-04
7.206217164148092102e-01 -6.928264400887955698e-01 -2.637926733744555552e-02 5.939726300847211204e-01 -6.933284503013807942e-01 -7.201022916665783535e-01 -2.735597812595744194e-02 -2.179982368167747153e-01 -4.282592202583569707e-05 3.800280845449054146e-02 -9.992776314495945833e-01 1.795231776953152281e-01 0.000000000000000000e+00 0.000000000000000000e+00 0.000000000000000000e+00 1.000000000000000000e+00 1.929836382741326357e-03 -1.283434044886490539e-03 1.205638967668262035e-02 -4.713168776287619474e-03 -1.065343754146622253e-02 -2.102510277810494804e-03
7.206318476784860927e-01 -6.928181634844766679e-01 -2.631981112181153160e-02 5.939911166832971823e-01 -6.933179211589721724e-01 -7.201114350476447434e-01 -2.738213493179525448e-02 -2.179969371382590171e-01 1.764347861986370614e-05 3.798043522155236662e-02 -9.992784828210247161e-01 1.796301297339578662e-01 0.000000000000000000e+00 0.000000000000000000e+00 0.000000000000000000e+00 1.000000000000000000e+00 1.394658898155653158e-03 2.473456272459846421e-04 8.341813036172474743e-03 -1.515925870566197254e-03 -2.524746334380113463e-03 -2.760512733837079333e-03
7.206117420184449118e-01 -6.928436273864839734e-01 -2.619971860691311383e-02 5.940081755265258501e-01 -6.933388035421097495e-01 -7.200892024671260438e-01 -2.743800271619498132e-02 -2.180204833661492925e-01 1.441108536134640128e-04 3.793742848688117647e-02 -9.992801062524285793e-01 1.797486196707865636e-01 0.000000000000000000e+00 0.000000000000000000e+00 0.000000000000000000e+00 1.000000000000000000e+00 1.237217027511815400e-03 -3.673010657388843872e-03 1.238452724272972282e-02 -7.107269307999747494e-03 -1.354728157852937327e-02 -4.341256274970168097e-03
7.206013529064630996e-01 -6.928616046661926209e-01 -2.600936309800494506e-02 5.940373790602607729e-01 -6.933495348237277422e-01 -7.200759090310512311e-01 -2.751559181310495039e-02 -2.180390062329504719e-01 3.357813208532262061e-04 3.786135249160860194e-02 -9.992829455356530000e-01 1.798854050444317343e-01 0.000000000000000000e+00 0.000000000000000000e+00 0.000000000000000000e+00 1.000000000000000000e+00 3.133602582163544023e-03 -3.771309595500648825e-03 1.671911456904289286e-02 -1.077274666644716279e-02 -2.460027926127871661e-02 -5.302734269702682850e-03
7.205999949276022942e-01 -6.928682453605308211e-01 -2.586970972699398352e-02 5.940632091661133263e-01 -6.933508637174526923e-01 -7.200724251409698073e-01 -2.757321769153395219e-02 -2.180549024240387435e-01 4.765423400677881033e-04 3.780604611198799814e-02 -9.992849822672091875e-01 1.800031510396751799e-01 0.000000000000000000e+00 0.000000000000000000e+00 0.000000000000000000e+00 1.000000000000000000e+00 3.226812544701711596e-03 -8.888791114502764962e-04 1.324721396870768599e-02 -6.666235268920901562e-03 -1.678034969643157556e-02 1.929606106958554369e-03
7.205920404116603617e-01 -6.928845259956877278e-01 -2.565433552230428349e-02 5.940934662983740067e-01 -6.933589513471301036e-01 -7.200614558515230357e-01 -2.765618165605557288e-02 -2.180715374442927790e-01 6.898421325129359266e-04 3.771648754478492543e-02 -9.992882420428632617e-01 1.801748832296207747e-01 0.000000000000000000e+00 0.000000000000000000e+00 0.000000000000000000e+00 1.000000000000000000e+00 2.224812923471546251e-03 -1.117739775715690656e-03 1.397132049630083264e-02 -6.510888370304724650e-03 -1.652353817784657161e-02 9.748850009291213509e-06
7.205961618180527495e-01 -6.928883186202359212e-01 -2.543520184141917495e-02 5.941266644946880948e-01 -6.933544241414322240e-01 -7.200627859271228060e-01 -2.773493909085619769e-02 -2.180825278440763071e-01 9.022730151470054888e-04 3.762130038280674105e-02 -9.992916609583575305e-01 1.803454963644721132e-01 0.000000000000000000e+00 0.000000000000000000e+00 0.000000000000000000e+00 1.000000000000000000e+00 3.348806264572159064e-03 -1.530890184821740840e-03 1.694864284191406612e-02 -8.821070749818932938e-03 -2.394424811270520065e-02 1.836234582371997805e-03
7.205938914011582597e-01 -6.928967364158505893e-01 -2.526967232868482238e-02 5.941611390104177826e-01 -6.933565513957805626e-01 -7.200582795240852985e-01 -2.779868207963601123e-02 -2.180891005063672061e-01 1.065979308511350032e-03 3.755245335630685855e-02 -9.992940893125689117e-01 1.805141274132728846e-01 0.000000000000000000e+00 0.000000000000000000e+00 0.000000000000000000e+00 1.000000000000000000e+00 3.212895905996222823e-03 -1.132593420030659982e-04 1.779157527274796702e-02 -5.350601270846294145e-03 -1.379975797431727373e-02 1.264713444100162886e-03
7.205864600854281488e-01 -6.929109835449414057e-01 -2.509028545740094041e-02 5.941927551024965837e-01 -6.933639725477793725e-01 -7.200482743995159085e-01 -2.787264083364598966e-02 -2.181069321787457160e-01 1.247042226243697677e-03 3.748134758865079297e-02 -9.992965493128775911e-01 1.806984688006707807e-01 0.000000000000000000e+00 0.000000000000000000e+00 0.000000000000000000e+00 1.000000000000000000e+00 4.806764168114311363e-03 -2.303603368728293112e-03 2.279011474798074005e-02 -9.831378836477635413e-03 -2.557899516602447909e-02 -1.813983379045545951e-03
7.205929684565395288e-01 -6.929100793812043024e-01 -2.492780983010872697e-02 5.942245586557545201e-01 -6.933568975625328257e-01 -7.200525422455339442e-01 -2.793830718213136111e-02 -2.181164148553218218e-01 1.409401806564245310e-03 3.741601659285564985e-02 -9.992987817909471104e-01 1.808811182464118705e-01 0.000000000000000000e+00 0.000000000000000000e+00 0.000000000000000000e+00 1.000000000000000000e+00 4.331337406185439658e-03 -1.455307277462363066e-03 2.026751343033018557e-02 -7.438542209660002277e-03 -1.863487279367411278e-02 3.238287955582516177e-05
7.205770882357420692e-01 -6.929345476033275109e-01 -2.470572094619488679e-02 5.942575026537957328e-01 -6.933729052586734554e-01 -7.200334922498056178e-01 -2.803184424356794380e-02 -2.181376659693793907e-01 1.635286777965665531e-03 3.732938221188127764e-02 -9.993016777034015030e-01 1.810838587967277813e-01 0.000000000000000000e+00 0.000000000000000000e+00 0.000000000000000000e+00 1.000000000000000000e+00 2.460572843315683191e-03 -2.610478886439017085e-03 1.829046332096964655e-02 -8.099669020096615657e-03 -1.672722826312966760e-02 -2.215715310820410254e-03
7.205765782016430032e-01 -6.929430300502632534e-01 -2.448166767136789046e-02 5.942958020800653829e-01 -6.933728725079972843e-01 -7.200300503804615282e-01 -2.812092137748339882e-02 -2.181561986826231481e-01 1.858660060305784498e-03 3.723820153914700337e-02 -9.993046891358561279e-01 1.812852486767082827e-01 0.000000000000000000e+00 0.000000000000000000e+00 0.000000000000000000e+00 1.000000000000000000e+00 3.374641715417327215e-03 -2.414084117153444432e-03 1.982392154013540991e-02 -8.390804098968366459e-03 -2.159098457106922025e-02 -1.596554223043658224e-03
7.205791595321339171e-01 -6.929492038781596142e-01 -2.422964491255585884e-02 5.943380517065640634e-01 -6.933694857666311551e-01 -7.200296591182635542e-01 -2.821429066545028119e-02 -2.181659704334011352e-01 2.105007287666632587e-03 3.713072628783241347e-02 -9.993081997610431255e-01 1.815074631698513907e-01 0.000000000000000000e+00 0.000000000000000000e+00 0.000000000000000000e+00 1.000000000000000000e+00 3.678753288963344890e-03 -1.331905438755461848e-03 2.098102930312269188e-02 -8.576841790205527727e-03 -2.221767608049779463e-02 6.139075642062422349e-05
7.205879406118980146e-01 -6.929477602310458728e-01 -2.400877830045422545e-02 5.943832178933512456e-01 -6.933596819932859034e-01 -7.200360562630012673e-01 -2.829185514231336018e-02 -2.181645735949738485e-01 2.317591610495384202e-03 3.703348852053999635e-02 -9.993113376206264054e-01 1.817313670255911451e-01 0.000000000000000000e+00 0.000000000000000000e+00 0.000000000000000000e+00 1.000000000000000000e+00 4.885762392077174637e-03 9.497798347389836519e-04 2.304673264103400052e-02 -7.940392215713422061e-03 -2.346510641961893975e-02 2.980392945535445190e-03
7.206018757510709305e-01 -6.929404713933922100e-01 -2.379999515002484411e-02 5.944239149796787247e-01 -6.933445015206873840e-01 -7.200478196050896784e-01 -2.836440891303523837e-02 -2.181668984723661719e-01 2.517712268606404555e-03 3.694104204079227266e-02 -9.993142751596580942e-01 1.819658154006038031e-01 0.000000000000000000e+00 0.000000000000000000e+00 0.000000000000000000e+00 1.000000000000000000e+00 3.195612132153306112e-03 -9.942271213573374618e-04 2.116038391614347147e-02 -6.322190510560619058e-03 -1.826808599483310119e-02 -7.970311879463827607e-04
7.206116794505169620e-01 -6.929365856296516579e-01 -2.361558247060924209e-02 5.944636337966724415e-01 -6.933336262982627840e-01 -7.200554563046718259e-01 -2.843628825940341942e-02 -2.181675066861787360e-01 2.700015482676263595e-03 3.686499887144096405e-02 -9.993166073745607392e-01 1.822115483720696538e-01 0.000000000000000000e+00 0.000000000000000000e+00 0.000000000000000000e+00 1.000000000000000000e+00 3.530842875690053204e-03 -8.915582200297500395e-04 2.366873232314778766e-02 -7.270802867089390560e-03 -1.703543821313109954e-02 1.988502715530670803e-03
7.206118520921152015e-01 -6.929412664761851470e-01 -2.347253370968699349e-02 5.944965330131189996e-01 -6.933328619629749445e-01 -7.200537355741811751e-01 -2.849842816538428192e-02 -2.181699296033244584e-01 2.846251324451152739e-03 3.681058407643123670e-02 -9.993182074561386408e-01 1.824595938012311958e-01 0.000000000000000000e+00 0.000000000000000000e+00 0.000000000000000000e+00 1.000000000000000000e+00 3.657416839376022386e-03 1.299627785083122891e-03 2.552328239553233735e-02 -5.248938722593878697e-03 -1.019101564897757078e-02 3.083737135351879901e-03
7.206025216611344764e-01 -6.929554803170194788e-01 -2.333898185917659962e-02 5.945271498536192079e-01 -6.933419577350143914e-01 -7.200423393780798209e-01 -2.856499863678593765e-02 -2.181878301717697088e-01 2.989217254024921500e-03 3.676590542269836392e-02 -9.993194348048362041e-01 1.827261182641584658e-01 0.000000000000000000e+00 0.000000000000000000e+00 0.000000000000000000e+00 1.000000000000000000e+00 4.166274179002121478e-03 -1.494877112457533011e-03 2.957086206363556541e-02 -7.974139631238844061e-03 -1.685464390123653927e-02 -9.231495992394924202e-03
7.205907592557925234e-01 -6.929716034395054791e-01 -2.322314581707490833e-02 5.945555398684294612e-01 -6.933536308332574061e-01 -7.200287419884872087e-01 -2.862434839110669649e-02 -2.182005058896800409e-01 3.114528134312526467e-03 3.672829341198902142e-02 -9.993204351846024514e-01 1.830278285226900614e-01 0.000000000000000000e+00 0.000000000000000000e+00 0.000000000000000000e+00 1.000000000000000000e+00 1.127649105793996926e-03 2.732209511418491089e-04 2.414181191419648501e-02 -2.825550244982977938e-03 -4.610587842931179042e-03 5.147465115104760732e-04
7.205816945386469552e-01 -6.929848563031029141e-01 -2.310866569881853128e-02 5.945820669365883271e-01 -6.933624864230514273e-01 -7.200179000577101585e-01 -2.868250368655611560e-02 -2.182169455372483247e-01 3.237887746042302645e-03 3.669076901692146231e-02 -9.993214215415832102e-01 1.832925092195224481e-01 0.000000000000000000e+00 0.000000000000000000e+00 0.000000000000000000e+00 1.000000000000000000e+00 2.785199314482468200e-03 -1.201768415510747531e-03 3.089111778967206651e-02 -5.722132550538290736e-03 -1.262043130700391848e-02 -1.200430169593628797e-03
7.205762003903408708e-01 -6.929960166135613608e-01 -2.294472463892693881e-02 5.946216874895408067e-01 -6.933673536425153383e-01 -7.200099247816363901e-01 -2.876492862354299018e-02 -2.182271432680113477e-01 3.413551492879618107e-03 3.663644597500089611e-02 -9.993228299666359060e-01 1.836700072266275185e-01 0.000000000000000000e+00 0.000000000000000000e+00 0.000000000000000000e+00 1.000000000000000000e+00 3.500239871919330614e-03 6.957742289267266657e-04 3.014601387739295618e-02 -5.119511430361984965e-03 -9.702028598134626591e-03 1.228579583285963625e-03
7.205725242616112247e-01 -6.930033162399741320e-01 -2.283946058137342749e-02 5.946459207373989697e-01 -6.933706068241151099e-01 -7.200046451161368211e-01 -2.881861557299716936e-02 -2.182400832179285932e-01 3.526878450996162942e-03 3.660211321200194240e-02 -9.993236945238553881e-01 1.839273383601248979e-01 0.000000000000000000e+00 0.000000000000000000e+00 0.000000000000000000e+00 1.000000000000000000e+00 4.395068369254966252e-03 -1.820743034312455972e-03 3.297630161820299527e-02 -9.776251651130845113e-03 -2.136468771999472036e-02 -2.312413008716340075e-04
7.205606532847476098e-01 -6.930199607008418194e-01 -2.270856684296634898e-02 5.946783803600644847e-01 -6.933822101348098288e-01 -7.199907952688069379e-01 -2.888538379106506127e-02 -2.182518170995542406e-01 3.668188439030462336e-03 3.655938728144057098e-02 -9.993247498161853537e-01 1.842617012178164315e-01 0.000000000000000000e+00 0.000000000000000000e+00 0.000000000000000000e+00 1.000000000000000000e+00 2.781441076468984738e-03 -3.309813710928736878e-03 3.642781469903146052e-02 -8.808461620402789974e-03 -1.288285590458860402e-02 -4.074604383116424769e-03
7.205572177907316744e-01 -6.930278051112429560e-01 -2.257780397588049492e-02 5.947186688779859676e-01 -6.933850331173251336e-01 -7.199855197199184209e-01 -2.894904562372926926e-02 -2.182642242095960972e-01 3.806801618969596346e-03 3.651455512986362395e-02 -9.993258705372847217e-01 1.845990853188014258e-01 0.000000000000000000e+00 0.000000000000000000e+00 0.000000000000000000e+00 1.000000000000000000e+00 3.079889304498373281e-03 -1.905478489659722004e-03 3.213529863469458125e-02 -6.693349714388163556e-03 -1.072179322717038870e-02 -2.371480742592157499e-03
7.205447210285705895e-01 -6.930475319742026574e-01 -2.237014578240414941e-02 5.947666976643590786e-01 -6.933967846159034831e-01 -7.199702384856691006e-01 -2.904745736230765485e-02 -2.182855170769708864e-01 4.025429441156457358e-03 3.644137921862126289e-02 -9.993276848954295577e-01 1.849992204889260861e-01 0.000000000000000000e+00 0.000000000000000000e+00 0.000000000000000000e+00 1.000000000000000000e+00 3.902246053575971624e-03 -2.643068487931206877e-03 3.689662613694372900e-02 -8.894514237135506610e-03 -1.685391124233434623e-02 -2.720559917616197868e-03
7.205491989815717702e-01 -6.930497780892399540e-01 -2.215529141019367820e-02 5.948103585577759755e-01 -6.933908151187588853e-01 -7.199721416636879479e-01 -2.914262749213725190e-02 -2.182978535418506894e-01 4.246098910582772612e-03 3.636097246578572084e-02 -9.993297005119901044e-01 1.853452064736037797e-01 0.000000000000000000e+00 0.000000000000000000e+00 0.000000000000000000e+00 1.000000000000000000e+00 4.764464287154914802e-03 -1.599996018857687344e-03 3.738740230769921347e-02 -1.044855848936395055e-02 -2.179116491619442764e-02 8.236304341808801596e-04
7.205464159487995346e-01 -6.930583297554890887e-01 -2.197757993663912446e-02 5.948574455747641654e-01 -6.933925666368123686e-01 -7.199672950884735689e-01 -2.922058411121397636e-02 -2.183072242067781721e-01 4.428430439025073800e-03 3.629387771399752993e-02 -9.993313481745322857e-01 1.857197094755171085e-01 0.000000000000000000e+00 0.000000000000000000e+00 0.000000000000000000e+00 1.000000000000000000e+00 3.999627996807075640e-03 -1.076510551246076921e-03 3.682837066481746413e-02 -6.987511882300017838e-03 -1.438306644188300405e-02 1.144574253615706977e-03
7.205456702089245713e-01 -6.930666974252006618e-01 -2.173683655220270960e-02 5.949151488438063629e-01 -6.933917193551784042e-01 -7.199638013736258113e-01 -2.932657909316715994e-02 -2.183151544268714106e-01 4.675539844919267621e-03 3.620328205789544868e-02 -9.993335087423993457e-01 1.861676401066461040e-01 0.000000000000000000e+00 0.000000000000000000e+00 0.000000000000000000e+00 1.000000000000000000e+00 5.915204096246983768e-03 -3.190880589200543061e-04 4.314575100746959047e-02 -1.090638266014859296e-02 -2.659150115935193445e-02 3.044015975621223308e-04
7.205543027049247096e-01 -6.930638781318537722e-01 -2.153967693014258167e-02 5.949628144692739040e-01 -6.933813956310967974e-01 -7.199705184174904904e-01 -2.940565935874672743e-02 -2.183178086763945536e-01 4.872067948257102071e-03 3.612358562608557200e-02 -9.993354539469829767e-01 1.865391287371915841e-01 0.000000000000000000e+00 0.000000000000000000e+00 0.000000000000000000e+00 1.000000000000000000e+00 5.346002468718278472e-03 1.234332644330595049e-03 4.115726676563382508e-02 -8.023667397649199978e-03 -2.048465462520234620e-02 1.255055507043105131e-03
7.205622907120267095e-01 -6.930619685714344280e-01 -2.133290706220775101e-02 5.950167928474181522e-01 -6.933716398651533774e-01 -7.199767204961086131e-01 -2.948374084773400239e-02 -2.183165799980483213e-01 5.074863007483797206e-03 3.603650459681697477e-02 -9.993375886565554200e-01 1.869496643556453341e-01 0.000000000000000000e+00 0.000000000000000000e+00 0.000000000000000000e+00 1.000000000000000000e+00 5.133668466286440968e-03 -1.903079084304143105e-03 4.114954824917743670e-02 -1.120225993198252154e-02 -2.429940346504071147e-02 -2.171206025554391246e-03
7.205713579280916825e-01 -6.930585980248242794e-01 -2.113522740665213506e-02 5.950705092930786977e-01 -6.933607942482462594e-01 -7.199842826105672389e-01 -2.955404867675257008e-02 -2.183151684534585524e-01 5.265655999677867558e-03 3.595013904857417147e-02 -9.993397121946476780e-01 1.873766154070624357e-01 0.000000000000000000e+00 0.000000000000000000e+00 0.000000000000000000e+00 1.000000000000000000e+00 4.839815314656275777e-03 -2.001629977310502920e-03 4.367783426972864785e-02 -1.093532107956806700e-02 -2.311115069001211733e-02 6.239560093127807447e-06
7.205742604005690444e-01 -6.930624311271263993e-01 -2.090937130403969224e-02 5.951222200159584919e-01 -6.933560066584141257e-01 -7.199850037558229721e-01 -2.964864916694404107e-02 -2.183229822965119249e-01 5.493931094406597632e-03 3.586169163445359492e-02 -9.993416611921295267e-01 1.878172845056322871e-01 0.000000000000000000e+00 0.000000000000000000e+00 0.000000000000000000e+00 1.000000000000000000e+00 4.413410693354126273e-03 -2.062435387455218566e-03 4.559357089534192553e-02 -1.059602814582862908e-02 -2.171176276743578409e-02 -1.776409077817557580e-03
