7.122361724501687918e-01 -6.991435476684463302e-01 -6.259340546025832230e-02 5.196413668778487871e-01 -7.018416475081959982e-01 -7.107914874665166582e-01 -4.683762556020376611e-02 -3.143188379275773658e-01 -1.174463607416462163e-02 7.729010996702993797e-02 -9.969394677836611596e-01 1.874006545152647196e-01 0.000000000000000000e+00 0.000000000000000000e+00 0.000000000000000000e+00 1.000000000000000000e+00 -1.061697689436830389e-04 5.761657786542415723e-04 -6.931579467947007094e-04 1.151814468845531979e-03 9.498153940080130775e-04 2.058617563334513151e-03
7.122286131949798760e-01 -6.991533613538334357e-01 -6.256979985577532100e-02 5.196450278287190194e-01 -7.018497834355839071e-01 -7.107825103934378719e-01 -4.685194137094517153e-02 -3.143254333041549664e-01 -1.171682712085383646e-02 7.728389370650454171e-02 -9.969402769152131416e-01 1.874141321214749245e-01 0.000000000000000000e+00 0.000000000000000000e+00 0.000000000000000000e+00 1.000000000000000000e+00 -4.507607150204868030e-04 -1.245402946779270489e-03 3.072315041991244408e-04 -1.193230331934818592e-03 -4.742767644136449963e-04 -4.153204892475951832e-04
7.122295314608590999e-01 -6.991541472280685676e-01 -6.255056297778255336e-02 5.196511931695820818e-01 -7.018491316250373702e-01 -7.107828618861603553e-01 -4.685637295075861797e-02 -3.143215050614945327e-01 -1.170004069335086813e-02 7.727355086128800954e-02 -9.969412757956517268e-01 1.874236914490640948e-01 0.000000000000000000e+00 0.000000000000000000e+00 0.000000000000000000e+00 1.000000000000000000e+00 3.370116639642500790e-04 -1.513709817182482887e-04 1.240839888566751953e-03 -8.679684240406160918e-04 -2.144124762505367730e-03 -5.148168434195865301e-04
7.122280823042630438e-01 -6.991569933810133364e-01 -6.253524912890140453e-02 5.196527189150628168e-01 -7.018509052946624305e-01 -7.107804479583901269e-01 -4.686642227793169635e-02 -3.143254711387081235e-01 -1.168184549866626079e-02 7.727000327741977148e-02 -9.969417641363275129e-01 1.874331743026329544e-01 0.000000000000000000e+00 0.000000000000000000e+00 0.000000000000000000e+00 1.000000000000000000e+00 -3.650210770169077715e-05 -2.348241861587761791e-04 1.907661279665235905e-04 -4.388257120977002513e-04 4.203585016746402684e-04 -1.041137720423015002e-03
7.122311362184697847e-01 -6.991556517850129326e-01 -6.251546351120768064e-02 5.196535395345615038e-01 -7.018481748997090763e-01 -7.107823620206575876e-01 -4.687828100818330901e-02 -3.143272340806125276e-01 -1.165967370447493559e-02 7.726453531477743553e-02 -9.969424474821486637e-01 1.874490369049917060e-01 0.000000000000000000e+00 0.000000000000000000e+00 0.000000000000000000e+00 1.000000000000000000e+00 -6.714379216346302555e-04 -1.414654496743037422e-05 -2.285472260166839713e-04 9.306477974202251161e-05 1.322227240420688170e-03 3.739893342572040823e-05
7.122316719481940339e-01 -6.991573538299241664e-01 -6.249031972568686033e-02 5.196551484477881511e-01 -7.018479913392849934e-01 -7.107821910465499382e-01 -4.688362127734121976e-02 -3.143280243967173648e-01 -1.163797778359293086e-02 7.725070534696971969e-02 -9.969437727357064460e-01 1.874657155335168190e-01 0.000000000000000000e+00 0.000000000000000000e+00 0.000000000000000000e+00 1.000000000000000000e+00 2.462175053851149465e-05 -1.956466558353382431e-04 1.566139873357020847e-03 -9.691710503078728930e-04 -2.289070299886894217e-03 5.440664155011492795e-04
7.122311162165267939e-01 -6.991604926484317195e-01 -6.246152906039598163e-02 5.196613904000714212e-01 -7.018489956585952649e-01 -7.107806445850745058e-01 -4.689203105269959537e-02 -3.143257034281161655e-01 -1.161139035522660082e-02 7.723652505666341039e-02 -9.969451814474001861e-01 1.874831694636000801e-01 0.000000000000000000e+00 0.000000000000000000e+00 0.000000000000000000e+00 1.000000000000000000e+00 2.454003081671887092e-04 -3.250130803542670770e-05 1.948787352761720444e-03 -6.212795491485828070e-04 -2.991681606937247363e-03 -5.368317799966776903e-04
7.122310286952135971e-01 -6.991628036435783011e-01 -6.243665401836667739e-02 5.196653480094168831e-01 -7.018495620802436274e-01 -7.107790456501303922e-01 -4.690778690644561988e-02 -3.143307517886162472e-01 -1.158248555053581832e-02 7.723031960273984975e-02 -9.969459984184350088e-01 1.875001923096958900e-01 0.000000000000000000e+00 0.000000000000000000e+00 0.000000000000000000e+00 1.000000000000000000e+00 1.093507601249398215e-03 -6.862948454865128861e-04 3.387697143783375674e-03 -2.917824658004481483e-03 -6.154124943164239817e-03 -7.670435986558757618e-04
7.122335887785760100e-01 -6.991625457145921319e-01 -6.241033316271471509e-02 5.196699141367104868e-01 -7.018474601115057832e-01 -7.107800393134453554e-01 -4.692417765507922445e-02 -3.143362053335815864e-01 -1.155239155407049995e-02 7.722350926672473526e-02 -9.969468751472736479e-01 1.875152346214923882e-01 0.000000000000000000e+00 0.000000000000000000e+00 0.000000000000000000e+00 1.000000000000000000e+00 -2.549042598516719970e-04 -1.706425449950985237e-03 8.480194133068884831e-04 -2.115059318086051719e-03 -1.432019084357532114e-03 -1.814995406144177120e-03
7.122313267755540078e-01 -6.991691824648811338e-01 -6.236177876651655128e-02 5.196798551068764205e-01 -7.018505576927520639e-01 -7.107756830048578278e-01 -4.694382936394325689e-02 -3.143355402631361484e-01 -1.150355709800958762e-02 7.720351507779815714e-02 -9.969489883809127262e-01 1.875419092571489754e-01 0.000000000000000000e+00 0.000000000000000000e+00 0.000000000000000000e+00 1.000000000000000000e+00 5.094046918958676159e-04 2.374700474703562471e-04 1.141198405237971170e-03 -1.097266322946891621e-03 -2.493282988524856466e-03 -5.246541135017146950e-04
7.122277852345791915e-01 -6.991754879579985538e-01 -6.233152475706360551e-02 5.196828494083358674e-01 -7.018547095883396203e-01 -7.107704524016036363e-01 -4.696094783421206342e-02 -3.143418721552480033e-01 -1.146946243350454794e-02 7.719456607504482371e-02 -9.969500741762207241e-01 1.875644793884218287e-01 0.000000000000000000e+00 0.000000000000000000e+00 0.000000000000000000e+00 1.000000000000000000e+00 8.205502768708279908e-04 -8.773565881583908401e-04 3.671449250857885486e-03 -3.063825721710489169e-03 -5.160107741256974787e-03 -2.364347311179617814e-03
7.122375890035985702e-01 -6.991696929003810013e-01 -6.228448715312262518e-02 5.196908086000939786e-01 -7.018455095965405732e-01 -7.107782854181403653e-01 -4.697988545346534761e-02 -3.143439690217458837e-01 -1.142354890185020080e-02 7.717492797298397544e-02 -9.969521217304528893e-01 1.875936343536118156e-01 0.000000000000000000e+00 0.000000000000000000e+00 0.000000000000000000e+00 1.000000000000000000e+00 7.194205345194534590e-04 -7.761545141605942369e-04 4.243652843253587284e-03 -3.111078507999276085e-03 -5.969573367026305769e-03 2.671964617744442385e-04
7.122384217938591000e-01 -6.991747430210261127e-01 -6.221823882171051423e-02 5.197021382169675352e-01 -7.018457519618849227e-01 -7.107761969135982794e-01 -4.700785417457473137e-02 -3.143452592017278446e-01 -1.135653880587935219e-02 7.714840648078248597e-02 -9.969549400067320155e-01 1.876360836771019114e-01 0.000000000000000000e+00 0.000000000000000000e+00 0.000000000000000000e+00 1.000000000000000000e+00 2.123165575804750876e-03 9.309579944804178804e-04 4.947061996956123552e-03 -2.920842862832351457e-03 -8.026988487809123482e-03 4.158327477971111331e-03
7.122346994972416079e-01 -6.991840682597787460e-01 -6.215602564336691893e-02 5.197095493664179999e-01 -7.018505579493191648e-01 -7.107696833903593969e-01 -4.703457748718287146e-02 -3.143519358169897249e-01 -1.129279143097058902e-02 7.712389944027266131e-02 -9.969575602786828750e-01 1.876766409313931350e-01 0.000000000000000000e+00 0.000000000000000000e+00 0.000000000000000000e+00 1.000000000000000000e+00 6.192671494981317071e-04 -6.094468116309056374e-04 3.586209797719147174e-03 -2.589636002843346413e-03 -5.692931655752441096e-03 -1.016911628106505943e-03
7.122360775552506462e-01 -6.991875702497656331e-01 -6.210081671717215812e-02 5.197192187042890543e-01 -7.018500518994511550e-01 -7.107686560654122854e-01 -4.705764766438494395e-02 -3.143564581172558769e-01 -1.123719170649806545e-02 7.710161582740407415e-02 -9.969599121124954610e-01 1.877112574290517311e-01 0.000000000000000000e+00 0.000000000000000000e+00 0.000000000000000000e+00 1.000000000000000000e+00 9.773374554947679860e-04 -4.584943591415036371e-04 4.388038993729624117e-03 -3.240789754094908909e-03 -6.528731395075035478e-03 7.412030312703150707e-04
7.122363019748977342e-01 -6.991945767320946192e-01 -6.201930358806878596e-02 5.197321332108767455e-01 -7.018511878322498676e-01 -7.107649764674202064e-01 -4.709626700416641443e-02 -3.143638119897221861e-01 -1.115169438165944729e-02 7.707199293968483578e-02 -9.969631626177182238e-01 1.877636288646501450e-01 0.000000000000000000e+00 0.000000000000000000e+00 0.000000000000000000e+00 1.000000000000000000e+00 4.955476145196845324e-04 -6.942996813994509707e-04 4.128779688864982374e-03 -2.258730378730194801e-03 -5.863873788892256557e-03 -2.597646456714425289e-04
7.122417339286178928e-01 -6.991952305540739543e-01 -6.194951186887143191e-02 5.197442138087802199e-01 -7.018468148595182754e-01 -7.107671671664413937e-01 -4.712836247676407964e-02 -3.143656062088477365e-01 -1.107975279080440287e-02 7.704585419493618914e-02 -9.969659850915013610e-01 1.878077907074428010e-01 0.000000000000000000e+00 0.000000000000000000e+00 0.000000000000000000e+00 1.000000000000000000e+00 7.085845737187748032e-04 -9.252376734848052154e-06 4.623316452922442317e-03 -2.930719793372103723e-03 -6.341382274255272580e-03 9.665339097612691372e-04
7.122363963040043711e-01 -6.992098990400681391e-01 -6.184523315715595437e-02 5.197607487458996145e-01 -7.018538883685501162e-01 -7.107573323393751030e-01 -4.717132505836493794e-02 -3.143751807122111552e-01 -1.097429550504121915e-02 7.700345193686408685e-02 -9.969704274590973636e-01 1.878717468037564287e-01 0.000000000000000000e+00 0.000000000000000000e+00 0.000000000000000000e+00 1.000000000000000000e+00 9.977375047455897851e-04 -9.971877754558434916e-04 5.062158586544641611e-03 -3.106060845987022954e-03 -8.059197251708031737e-03 -6.133137751338588878e-04
7.122398667717937393e-01 -6.992143273777956525e-01 -6.175513396078619044e-02 5.197750309172737282e-01 -7.018517915272337593e-01 -7.107568167049612695e-01 -4.721027682023018479e-02 -3.143792661315099046e-01 -1.088278047698000225e-02 7.696799267908234488e-02 -9.969741687687010412e-01 1.879303928545771885e-01 0.000000000000000000e+00 0.000000000000000000e+00 0.000000000000000000e+00 1.000000000000000000e+00 1.741985302008516217e-03 -5.417371206886071461e-04 7.012838113669575893e-03 -4.554334792963765990e-03 -1.115348136639852591e-02 -7.495570631151171701e-04
7.122486949964937919e-01 -6.992161401649442665e-01 -6.163266835557690282e-02 5.197940934451104056e-01 -7.018448025220563880e-01 -7.107598346396648559e-01 -4.726870672836300247e-02 -3.143858202259335322e-01 -1.075498249961635150e-02 7.692364263237583266e-02 -9.969789784923248632e-01 1.880113205345959604e-01 0.000000000000000000e+00 0.000000000000000000e+00 0.000000000000000000e+00 1.000000000000000000e+00 2.013765679107001796e-03 -7.493396066981055617e-05 7.252246050372458328e-03 -5.382292631935767062e-03 -1.142012543451645379e-02 2.497261888121313222e-04
7.122487154552610278e-01 -6.992257164250627044e-01 -6.152369317741174237e-02 5.198088754545274748e-01 -7.018464589379854734e-01 -7.107551713876827382e-01 -4.731420951337989012e-02 -3.143940444719786620e-01 -1.064497104463590915e-02 7.687967114603944108e-02 -9.969835508953674985e-01 1.880810214862499163e-01 0.000000000000000000e+00 0.000000000000000000e+00 0.000000000000000000e+00 1.000000000000000000e+00 1.493204287481491666e-03 -5.858297245254266922e-04 7.092323154255897322e-03 -4.610966325350165408e-03 -1.055875574177763364e-02 7.411183262723895597e-04
7.122469038910732575e-01 -6.992414808584754837e-01 -6.136529429919723722e-02 5.198303306758231823e-01 -7.018507115671921426e-01 -7.107465395901850780e-01 -4.738074643991702084e-02 -3.144066357402351408e-01 -1.048458726926019408e-02 7.681606542530057535e-02 -9.969901531722213939e-01 1.881864992180099228e-01 0.000000000000000000e+00 0.000000000000000000e+00 0.000000000000000000e+00 1.000000000000000000e+00 1.349420976840091718e-03 -2.165840221838412696e-03 9.649423648028029529e-03 -6.217272027150648299e-03 -1.479312368750332687e-02 -6.376357193960571594e-04
7.122482075228174780e-01 -6.992535208612202791e-01 -6.121278006854702358e-02 5.198539142592661921e-01 -7.018517091802756180e-01 -7.107410510810865389e-01 -4.744825211615266713e-02 -3.144139548419935259e-01 -1.032807829458403173e-02 7.675722683460654838e-02 -9.969963184121602984e-01 1.882871307070579092e-01 0.000000000000000000e+00 0.000000000000000000e+00 0.000000000000000000e+00 1.000000000000000000e+00 1.981487188407887040e-03 -1.246203110557892900e-03 1.091596197565901545e-02 -7.208752404672637108e-03 -1.646325115078483420e-02 -1.318713522463963589e-03
7.122478573871278140e-01 -6.992675984468417205e-01 -6.105583845819090305e-02 5.198738035298419158e-01 -7.018543928446731028e-01 -7.107339290700606105e-01 -4.751519034234846783e-02 -3.144251674205351121e-01 -1.016862291961832809e-02 7.669490094537517733e-02 -9.970027538963460723e-01 1.883941163476539338e-01 0.000000000000000000e+00 0.000000000000000000e+00 0.000000000000000000e+00 1.000000000000000000e+00 2.164384600461373865e-03 -1.653957275557039379e-03 1.287356003704291825e-02 -8.690066737642066982e-03 -1.923833094582563796e-02 -2.115508746489855926e-03
7.122461520463534423e-01 -6.992849174631837750e-01 -6.087711477781543312e-02 5.198960061365763829e-01 -7.018587601632478856e-01 -7.107243328219985390e-01 -4.759415422962845477e-02 -3.144397758852652824e-01 -9.984972572395330731e-03 7.662588951022684947e-02 -9.970099163897493399e-01 1.885180888552654421e-01 0.000000000000000000e+00 0.000000000000000000e+00 0.000000000000000000e+00 1.000000000000000000e+00 2.150228576417122055e-03 -1.928916320852910567e-03 1.339368747734801142e-02 -8.863431612974474738e-03 -1.969330982296527144e-02 -8.755081106859203838e-04
7.122396808800033341e-01 -6.993092148716171241e-01 -6.067337946408657423e-02 5.199253276577877614e-01 -7.018682300481227099e-01 -7.107092953576907846e-01 -4.767898007812335082e-02 -3.144502881950962947e-01 -9.778784641578983083e-03 7.654357901102321060e-02 -9.970182826222981909e-01 1.886675358427222227e-01 0.000000000000000000e+00 0.000000000000000000e+00 0.000000000000000000e+00 1.000000000000000000e+00 2.875290803233179586e-03 -1.408950635264944124e-03 1.503163762058181731e-02 -1.012394960854368434e-02 -2.192087089088422258e-02 -1.158073952557987264e-03
7.122444763485902275e-01 -6.993179268112319491e-01 -6.051647008346422441e-02 5.199486494290976868e-01 -7.018654691171193338e-01 -7.107081535342612000e-01 -4.773660818415020879e-02 -3.144600464792501882e-01 -9.626482843090294200e-03 7.647455616322068606e-02 -9.970250614140598877e-01 1.887992266531768881e-01 0.000000000000000000e+00 0.000000000000000000e+00 0.000000000000000000e+00 1.000000000000000000e+00 2.961739823658248501e-03 -2.116916371496772734e-04 1.522604356630416836e-02 -5.060007594137062512e-03 -1.598168012720051906e-02 5.836881947186606419e-04
7.122347086984727182e-01 -6.993421540955936377e-01 -6.035123221722005216e-02 5.199749692855175631e-01 -7.018775104608381277e-01 -7.106927057726801777e-01 -4.778952051237467247e-02 -3.144712652525784580e-01 -9.469954302851857353e-03 7.639652784283719467e-02 -9.970325423470692838e-01 1.889713888117879326e-01 0.000000000000000000e+00 0.000000000000000000e+00 0.000000000000000000e+00 1.000000000000000000e+00 2.279233300885302651e-03 -9.449462437278613545e-04 1.586605910949457493e-02 -5.571528508225360304e-03 -1.734391003431400360e-02 -2.261336667759484935e-03
7.122513888237413937e-01 -6.993431750616830866e-01 -6.014218663546916366e-02 5.200096260933758652e-01 -7.018633014847805995e-01 -7.107013958664644138e-01 -4.786890370943164275e-02 -3.144743815612880411e-01 -9.266344885413356491e-03 7.630628681899681576e-02 -9.970413659645026572e-01 1.891390319651152230e-01 0.000000000000000000e+00 0.000000000000000000e+00 0.000000000000000000e+00 1.000000000000000000e+00 5.052384998196187207e-03 4.419092719740717228e-04 1.860987150372073184e-02 -1.053271079976453480e-02 -2.621808387376644081e-02 5.372934827617509464e-03
7.122317016426367164e-01 -6.993802437184648557e-01 -5.994395608845620727e-02 5.200347288299908000e-01 -7.018858227422029028e-01 -7.106742959848528773e-01 -4.794097266362870591e-02 -3.144930183941198609e-01 -9.071659646121658926e-03 7.621889347618804322e-02 -9.970498409149517460e-01 1.893190625521527226e-01 0.000000000000000000e+00 0.000000000000000000e+00 0.000000000000000000e+00 1.000000000000000000e+00 2.456284007859499494e-03 -2.621960729989464712e-03 1.905872932858773683e-02 -7.014900006400667451e-03 -1.867786454346836988e-02 -4.889998735070301070e-03
7.122286638296713157e-01 -6.993961009456273192e-01 -5.979485263344097579e-02 5.200610482075601615e-01 -7.018906406401252962e-01 -7.106668259305786162e-01 -4.798115362880397972e-02 -3.145012119219381952e-01 -8.936386361135580797e-03 7.614300035991693194e-02 -9.970568612145418452e-01 1.894914665854452729e-01 0.000000000000000000e+00 0.000000000000000000e+00 0.000000000000000000e+00 1.000000000000000000e+00 1.650233681907443571e-03 -2.542213423759793513e-03 1.854614916400346494e-02 -5.895877999570777600e-03 -1.769330391860990739e-02 -4.880991283322365024e-03
7.122233524853798237e-01 -6.994167631914400829e-01 -5.961616845534084552e-02 5.200946161951766067e-01 -7.018981638907786369e-01 -7.106554798031424758e-01 -4.803911481823122664e-02 -3.145128911721883913e-01 -8.767194604906176220e-03 7.605905858327786928e-02 -9.970647701660033668e-01 1.896947977464991109e-01 0.000000000000000000e+00 0.000000000000000000e+00 0.000000000000000000e+00 1.000000000000000000e+00 2.512014442945081569e-03 -1.145427672597409702e-03 1.919860552635511974e-02 -2.311061612857469739e-03 -1.155388964953582044e-02 -1.683577679040979599e-03
7.122150914099468766e-01 -6.994405219091501813e-01 -5.943584675409963047e-02 5.201225272010780998e-01 -7.019086328177883694e-01 -7.106414128724471979e-01 -4.809421468862182247e-02 -3.145269876231647221e-01 -8.598531489983129994e-03 7.597195944628408470e-02 -9.970728792992555878e-01 1.898985025075476674e-01 0.000000000000000000e+00 0.000000000000000000e+00 0.000000000000000000e+00 1.000000000000000000e+00 3.023082958118921294e-03 -1.303331756240625697e-03 2.150727382217892600e-02 -6.582426939099436831e-03 -2.039198151399566547e-02 -8.883505045867472671e-04
7.122008091363924986e-01 -6.994733538728235001e-01 -5.922022194632126091e-02 5.201512928485361176e-01 -7.019256379601772622e-01 -7.106196210200004248e-01 -4.816796648799734348e-02 -3.145414590249388520e-01 -8.390842607621958743e-03 7.587345677702120317e-02 -9.970821492319674739e-01 1.901118379212629328e-01 0.000000000000000000e+00 0.000000000000000000e+00 0.000000000000000000e+00 1.000000000000000000e+00 3.015452628371700656e-03 -6.882265290887377811e-04 2.061014363202126956e-02 -7.213645234831100178e-03 -2.185018934609902347e-02 -9.597511612660573725e-04
7.121954347284683573e-01 -6.994948485912982905e-01 -5.903066615044288978e-02 5.201829221178521090e-01 -7.019332336084099788e-01 -7.106077780206789818e-01 -4.823195385379641653e-02 -3.145562722769804087e-01 -8.209647250022988896e-03 7.578616371574681265e-02 -9.970902963529835183e-01 1.903199706224196486e-01 0.000000000000000000e+00 0.000000000000000000e+00 0.000000000000000000e+00 1.000000000000000000e+00 3.941501316590323434e-03 -1.251389834395568151e-03 2.175819184966832492e-02 -8.397891710503700355e-03 -2.273452744082489485e-02 -4.809151649858416110e-05
7.121872438500741476e-01 -6.995230719098206595e-01 -5.879457086400824428e-02 5.202212957237231095e-01 -7.019441670271114875e-01 -7.105914115773275253e-01 -4.831389209280559371e-02 -3.145747956008503321e-01 -7.982234890660001858e-03 7.567904372009787162e-02 -9.971002789427760860e-01 1.905559337793420460e-01 0.000000000000000000e+00 0.000000000000000000e+00 0.000000000000000000e+00 1.000000000000000000e+00 3.892191283288856489e-03 -2.049261539866910863e-03 2.200773601337436408e-02 -9.697186606655895658e-03 -2.442880683011408594e-02 -9.689735753386718130e-04
7.121785613596200992e-01 -6.995501760074085418e-01 -5.857685539310947265e-02 5.202565711355671141e-01 -7.019553018378170695e-01 -7.105755228577317340e-01 -4.838574725309024993e-02 -3.145874114261437704e-01 -7.775021641171296627e-03 7.557762607719632764e-02 -9.971096085561580447e-01 1.907669224816772036e-01 0.000000000000000000e+00 0.000000000000000000e+00 0.000000000000000000e+00 1.000000000000000000e+00 3.706516233900359995e-03 -2.178505705440808918e-03 2.260952169753512042e-02 -8.761689023295819723e-03 -2.451658778503502251e-02 -2.239561183835129133e-03
7.121830010279925904e-01 -6.995635755864795247e-01 -5.836246018994228901e-02 5.202900088670066037e-01 -7.019530460655161175e-01 -7.105726302997148469e-01 -4.846089339135389862e-02 -3.145966949635186083e-01 -7.569290990958918441e-03 7.548073119415942001e-02 -9.971185310946182323e-01 1.909633865925965124e-01 0.000000000000000000e+00 0.000000000000000000e+00 0.000000000000000000e+00 1.000000000000000000e+00 3.301816089159819237e-03 -2.160509539692591309e-04 1.788615722750879627e-02 -7.733833224495505372e-03 -2.195022073607604679e-02 1.404682627799071605e-03
7.121782658197732818e-01 -6.995881988762410186e-01 -5.812460483338810491e-02 5.203245395947571073e-01 -7.019603476021556432e-01 -7.105591463981607570e-01 -4.855275341500067676e-02 -3.146132021598444517e-01 -7.334036283060080957e-03 7.537938354095331805e-02 -9.971279559057526498e-01 1.911634111863502739e-01 0.000000000000000000e+00 0.000000000000000000e+00 0.000000000000000000e+00 1.000000000000000000e+00 3.931352261826912518e-03 -2.052741098073100276e-03 2.232602275946738574e-02 -1.035655819799244197e-02 -2.671752323291978065e-02 5.244651792585004052e-04
7.121708887625756157e-01 -6.996127369735629653e-01 -5.791928403807450332e-02 5.203568455650250391e-01 -7.019699188382442223e-01 -7.105443538799754988e-01 -4.863079492992861130e-02 -3.146279958503698793e-01 -7.131496711896941759e-03 7.529103156185423806e-02 -9.971361001994663020e-01 1.913446969949189058e-01 0.000000000000000000e+00 0.000000000000000000e+00 0.000000000000000000e+00 1.000000000000000000e+00 3.601640289601572460e-03 -1.154256800371150421e-03 2.011483894667173006e-02 -7.110194051153429819e-03 -2.051344396459087172e-02 -1.845185477548692051e-03
7.121735041024030988e-01 -6.996319224014571070e-01 -5.765477613646408095e-02 5.203956285547597371e-01 -7.019698851255687932e-01 -7.105371985211029751e-01 -4.873571477446897449e-02 -3.146425820511122295e-01 -6.868801300093787393e-03 7.518020134732290860e-02 -9.971463066642103357e-01 1.915570683887067582e-01 0.000000000000000000e+00 0.000000000000000000e+00 0.000000000000000000e+00 1.000000000000000000e+00 3.942050508652321546e-03 -7.274191939142730760e-04 1.849574297457423980e-02 -1.045633626170461815e-02 -2.539080623923563665e-02 2.836136675624702404e-03
7.121603243144570827e-01 -6.996679138229152661e-01 -5.738016067437146095e-02 5.204261423298995881e-01 -7.019859474404661626e-01 -7.105132296177288920e-01 -4.885366039812422123e-02 -3.146643980117606043e-01 -6.588024623363233911e-03 7.507170508836125133e-02 -9.971563754129478818e-01 1.917514868399277095e-01 0.000000000000000000e+00 0.000000000000000000e+00 0.000000000000000000e+00 1.000000000000000000e+00 2.819058041243811038e-03 -1.733187335184477144e-03 1.764933519953745811e-02 -9.649148806348721921e-03 -2.286109651461630879e-02 -5.419762022824877248e-03
7.121634964433315451e-01 -6.996831395332734349e-01 -5.715468997790773553e-02 5.204575872091429245e-01 -7.019847895340596278e-01 -7.105082672049937154e-01 -4.894238956343752167e-02 -3.146777830916143159e-01 -6.364714952835342360e-03 7.497670629081518157e-02 -9.971649732703963265e-01 1.919267070978283862e-01 0.000000000000000000e+00 0.000000000000000000e+00 0.000000000000000000e+00 1.000000000000000000e+00 2.985282195710953646e-03 -8.337166436821171270e-04 1.852754228443014711e-02 -9.441228823107586723e-03 -2.436660232860718076e-02 1.592138561670365052e-03
7.121598077087891721e-01 -6.997017036121321309e-01 -5.697310107814473890e-02 5.204806646449869900e-01 -7.019901215866761746e-01 -7.104983352660482199e-01 -4.901004773409003978e-02 -3.146867418934820027e-01 -6.186879577311368145e-03 7.489754032312494203e-02 -9.971720418135687769e-01 1.920774902578709642e-01 0.000000000000000000e+00 0.000000000000000000e+00 0.000000000000000000e+00 1.000000000000000000e+00 2.740642866342036035e-03 -6.131709689020065990e-04 1.673435596371226214e-02 -7.955219136401063540e-03 -2.015562584506193355e-02 1.405318498895624267e-03
7.121685073178483094e-01 -6.997129965294285325e-01 -5.672512382071553949e-02 5.205102744513222524e-01 -7.019833810753796088e-01 -7.104986226806091487e-01 -4.910234070729890821e-02 -3.146876857495549129e-01 -5.945576393092268097e-03 7.478923489891489695e-02 -9.971816386519503084e-01 1.922579475271730676e-01 0.000000000000000000e+00 0.000000000000000000e+00 0.000000000000000000e+00 1.000000000000000000e+00 2.034775839685878506e-03 -7.433717594725161755e-05 1.405039374717798571e-02 -7.580778807926228345e-03 -2.029196071326665532e-02 2.411277568820562132e-03
7.121795663871273163e-01 -6.997165538888659997e-01 -5.654210320224117847e-02 5.205311994484369542e-01 -7.019736262492436429e-01 -7.105037513569338881e-01 -4.916754374799889304e-02 -3.146822264996324003e-01 -5.770032160273205757e-03 7.470718520740607382e-02 -9.971888202378001997e-01 1.923937416539917566e-01 0.000000000000000000e+00 0.000000000000000000e+00 0.000000000000000000e+00 1.000000000000000000e+00 2.317410440947253753e-03 1.534089203019964754e-03 1.275106659814776063e-02 -4.750896417979165280e-03 -1.623473018529189224e-02 4.470431138133215340e-03
7.121760508569014991e-01 -6.997363963543477006e-01 -5.634046683245835796e-02 5.205444652616104673e-01 -7.019787653894156154e-01 -7.104937462704119522e-01 -4.923869873369093875e-02 -3.146817385392597366e-01 -5.575439733326987418e-03 7.461643336200514398e-02 -9.971967219882513778e-01 1.925473297956608876e-01 0.000000000000000000e+00 0.000000000000000000e+00 0.000000000000000000e+00 1.000000000000000000e+00 -3.829285610881322179e-04 1.161527728067291007e-03 1.109457681075140534e-02 -3.742731904554037585e-03 -1.260473261326557765e-02 -1.649666298655718798e-03
7.121844853300628442e-01 -6.997425105124943645e-01 -5.615761601800284275e-02 5.205599191932487324e-01 -7.019716022976538738e-01 -7.104960387343074446e-01 -4.930769220437927758e-02 -3.146783390612603593e-01 -5.397075394883585342e-03 7.453722509276290709e-02 -9.972036269752796445e-01 1.926778206352927902e-01 0.000000000000000000e+00 0.000000000000000000e+00 0.000000000000000000e+00 1.000000000000000000e+00 1.653888039172362679e-03 9.584624052781430623e-04 1.276318185268685880e-02 -6.756226825764317760e-03 -1.790543702584230026e-02 1.040733987612844219e-03
7.121730170918038061e-01 -6.997663951376096314e-01 -5.600523156341885578e-02 5.205638589762175972e-01 -7.019844048965366845e-01 -7.104790545573582694e-01 -4.937011563018200988e-02 -3.146879346607392436e-01 -5.242996129384187159e-03 7.447486335265726676e-02 -9.972091083219156715e-01 1.927918438509934052e-01 0.000000000000000000e+00 0.000000000000000000e+00 0.000000000000000000e+00 1.000000000000000000e+00 -1.569876732060486012e-03 -1.868433485370302400e-03 9.735878883045894980e-03 -5.151868834152368258e-03 -1.183063069675781287e-02 -5.853864500551838983e-03
7.121809269364369754e-01 -6.997704336130521341e-01 -5.585398418160225642e-02 5.205816008446456644e-01 -7.019774697364028482e-01 -7.104818855881264161e-01 -4.942794992327761983e-02 -3.146907601450595893e-01 -5.095026048537867197e-03 7.440988168342586861e-02 -9.972147262337351936e-01 1.929000325744966715e-01 0.000000000000000000e+00 0.000000000000000000e+00 0.000000000000000000e+00 1.000000000000000000e+00 1.590267732646686400e-03 4.721234152436444478e-04 1.097205819690135788e-02 -4.413639315291694246e-03 -1.509898588235730234e-02 3.004903489060096848e-03
7.121837112724282992e-01 -6.997844683542771005e-01 -5.564224337993728398e-02 5.206067019079028135e-01 -7.019761535874327052e-01 -7.104771276891038712e-01 -4.951495557135923709e-02 -3.146924450946469998e-01 -4.882744394666477944e-03 7.432327280712411333e-02 -9.972222470073630607e-01 1.930450587584481570e-01 0.000000000000000000e+00 0.000000000000000000e+00 0.000000000000000000e+00 1.000000000000000000e+00 1.021329391442172586e-03 1.101612799036307249e-03 8.561720035283021391e-03 -4.270263670815020556e-03 -1.174440825795844412e-02 1.581988865937687325e-03
7.121938777449614566e-01 -6.997858803167987807e-01 -5.549416376375021498e-02 5.206247068239687747e-01 -7.019668103288922989e-01 -7.104827010019932887e-01 -4.956741645065929069e-02 -3.146906412183059221e-01 -4.741065204762279217e-03 7.425667166090341165e-02 -9.972278922165028758e-01 1.931448320964593846e-01 0.000000000000000000e+00 0.000000000000000000e+00 0.000000000000000000e+00 1.000000000000000000e+00 1.403356683980022711e-03 7.249794588651378886e-04 9.385824019231832349e-03 -4.487924820516988461e-03 -1.347414427706837385e-02 2.274810563485876388e-03
7.121952578848994575e-01 -6.997955334800378679e-01 -5.535454784975596398e-02 5.206386459225067487e-01 -7.019663430195026699e-01 -7.104791392093550151e-01 -4.962505431896394037e-02 -3.146918924079400437e-01 -4.600860146502447345e-03 7.419975788183792720e-02 -9.972327852694118366e-01 1.932415642411363377e-01 0.000000000000000000e+00 0.000000000000000000e+00 0.000000000000000000e+00 1.000000000000000000e+00 1.145944033899093687e-03 -7.211098933870215303e-04 1.016525267202409398e-02 -6.648407866367380022e-03 -1.465217217527089479e-02 -2.437314786970227586e-03
7.122064954907493251e-01 -6.997963505900668402e-01 -5.519941559119395658e-02 5.206569807804186656e-01 -7.019559221676701100e-01 -7.104852188793616685e-01 -4.968538102582631399e-02 -3.146927855220122972e-01 -4.448720548772197581e-03 7.413380777195931193e-02 -9.972383804440686506e-01 1.933467433832508908e-01 0.000000000000000000e+00 0.000000000000000000e+00 0.000000000000000000e+00 1.000000000000000000e+00 1.183361231196022574e-03 -4.100980402860343447e-04 1.088738752673029664e-02 -6.311367416947675189e-03 -1.541078507411392136e-02 6.732867840862442194e-04
7.122087726903751914e-01 -6.998084171532868991e-01 -5.501675548667428473e-02 5.206834754602174264e-01 -7.019547692153538243e-01 -7.104807643813270124e-01 -4.976530337438581086e-02 -3.146993201494984738e-01 -4.262168308370659076e-03 7.406255953946147552e-02 -9.972444891779421727e-01 1.934697719939440785e-01 0.000000000000000000e+00 0.000000000000000000e+00 0.000000000000000000e+00 1.000000000000000000e+00 3.042336509165466819e-03 2.920756132216729555e-05 1.203965995778410319e-02 -7.767987190078583584e-03 -1.807037272777676021e-02 2.021942497449427233e-03
7.122074009061799549e-01 -6.998236543449303237e-01 -5.484041314369653142e-02 5.207057348849963851e-01 -7.019572314983864025e-01 -7.104729596242080891e-01 -4.984193806363340640e-02 -3.147141950288199208e-01 -4.082063397890856038e-03 7.399342174900414015e-02 -9.972503749291294906e-01 1.935869430415587955e-01 0.000000000000000000e+00 0.000000000000000000e+00 0.000000000000000000e+00 1.000000000000000000e+00 2.735803900729842034e-03 -1.121175179878565248e-03 1.042784827761048493e-02 -7.350828671468611838e-03 -1.633090919901524982e-02 8.979029383518289742e-04
7.122001540363792627e-01 -6.998432369943401454e-01 -5.468440567329518887e-02 5.207268483151301641e-01 -7.019654999289018926e-01 -7.104599629956829254e-01 -4.991069915098056420e-02 -3.147246685616166273e-01 -3.921415576617230669e-03 7.393297379016126880e-02 -9.972555028107985553e-01 1.936915801068588849e-01 0.000000000000000000e+00 0.000000000000000000e+00 0.000000000000000000e+00 1.000000000000000000e+00 2.887062222026588656e-03 -8.174622299132028704e-04 1.224324149978769233e-02 -7.986525129029573011e-03 -1.838069634918986991e-02 -8.417664998399857846e-04
7.122079351016018522e-01 -6.998473540075313970e-01 -5.453015924210830034e-02 5.207478412285742042e-01 -7.019584535400573699e-01 -7.104623814448915997e-01 -4.997533446916185840e-02 -3.147322263213219729e-01 -3.766521201833069460e-03 7.387073602117702475e-02 -9.972607119894605354e-01 1.937942815634358107e-01 0.000000000000000000e+00 0.000000000000000000e+00 0.000000000000000000e+00 1.000000000000000000e+00 2.039414063636865119e-03 -9.355206898911138692e-04 1.026636230281271697e-02 -6.599593137094556146e-03 -1.500021124623640914e-02 5.143615317786509166e-04
7.122103709292258999e-01 -6.998584233544702382e-01 -5.435600059468326251e-02 5.207740084588523555e-01 -7.019568971417327052e-01 -7.104588805280364072e-01 -5.004691433045668769e-02 -3.147365433134298174e-01 -3.591948775410348099e-03 7.379950093763579244e-02 -9.972666301272447020e-01 1.939100078245008518e-01 0.000000000000000000e+00 0.000000000000000000e+00 0.000000000000000000e+00 1.000000000000000000e+00 3.256930168092075743e-03 4.371665524010673884e-04 1.180429285251195608e-02 -7.544417505489000794e-03 -1.799012411934131084e-02 2.762013352535934267e-03
7.122078257018565894e-01 -6.998742794674284173e-01 -5.418492363178101234e-02 5.207970026664133778e-01 -7.019603570222352484e-01 -7.104501261225629749e-01 -5.012260429836271070e-02 -3.147534940028601791e-01 -3.416164259792780350e-03 7.373337936363905110e-02 -9.972721386809960675e-01 1.940244050625931083e-01 0.000000000000000000e+00 0.000000000000000000e+00 0.000000000000000000e+00 1.000000000000000000e+00 1.736789638081996830e-03 -1.508931800225425668e-03 9.496946595954463763e-03 -6.347611553405984632e-03 -1.446650555253841536e-02 -1.102646691961870059e-03
7.122131556802946406e-01 -6.998833208759573932e-01 -5.399775954201974093e-02 5.208255703803946757e-01 -7.019558584247089783e-01 -7.104486453812114410e-01 -5.020652446875509267e-02 -3.147619574515045371e-01 -3.223926045415912572e-03 7.366179087996146957e-02 -9.972780689783620200e-01 1.941456303064839906e-01 0.000000000000000000e+00 0.000000000000000000e+00 0.000000000000000000e+00 1.000000000000000000e+00 2.853921367039499637e-03 -7.008423056681126976e-04 1.184628444957219057e-02 -9.032183773564137277e-03 -1.768107618556825911e-02 2.994794308818985416e-03
7.122160620106290363e-01 -6.998932139807220176e-01 -5.383093941040562047e-02 5.208502017687397512e-01 -7.019536559986417901e-01 -7.104460046555506336e-01 -5.027463872675577705e-02 -3.147655528680268766e-01 -3.057097350789045320e-03 7.359322993795268386e-02 -9.972836560693689734e-01 1.942568153425388577e-01 0.000000000000000000e+00 0.000000000000000000e+00 0.000000000000000000e+00 1.000000000000000000e+00 2.709719518901327479e-03 -6.495210602269732743e-04 1.325592920543057322e-02 -8.638775241223618784e-03 -1.977176141154634789e-02 -3.152256257126975075e-04
7.122164214939019633e-01 -6.999089748506170938e-01 -5.362085301427926831e-02 5.208794559767827570e-01 -7.019541885649386304e-01 -7.104390958830019143e-01 -5.036475153399602722e-02 -3.147780161015146239e-01 -2.843608721174707699e-03 7.350998547477040346e-02 -9.972904270697378060e-01 1.943949744409398106e-01 0.000000000000000000e+00 0.000000000000000000e+00 0.000000000000000000e+00 1.000000000000000000e+00 2.822920452349432247e-03 -5.758128019447236083e-04 1.241227905458064905e-02 -7.644312753613931137e-03 -1.880290736264078610e-02 -3.212345465115288429e-05
7.122225462518577688e-01 -6.999178870940181429e-01 -5.342280352401679311e-02 5.209070061894486292e-01 -7.019487584338658381e-01 -7.104384315170760855e-01 -5.044973296967031340e-02 -3.147914536452824930e-01 -2.642942238258332022e-03 7.343150787912472444e-02 -9.972967605015686798e-01 1.945283461685795301e-01 0.000000000000000000e+00 0.000000000000000000e+00 0.000000000000000000e+00 1.000000000000000000e+00 2.328625721282646423e-03 -1.542083060576522830e-03 1.338479997009117857e-02 -8.841706749091784653e-03 -1.971714078704874668e-02 1.042999305404859571e-03
7.122092683396740176e-01 -6.999465993314549772e-01 -5.322326723715625763e-02 5.209329634944110943e-01 -7.019629704866103825e-01 -7.104182773199119172e-01 -5.053572316117735386e-02 -3.148078627639134819e-01 -2.438474252536071418e-03 7.335277318643539102e-02 -9.973030755538554448e-01 1.946664511487414262e-01 0.000000000000000000e+00 0.000000000000000000e+00 0.000000000000000000e+00 1.000000000000000000e+00 2.186042501346083158e-03 -1.655760534312282180e-03 1.331318563660940923e-02 -6.426586043460607266e-03 -1.649377901202818408e-02 -1.955186102750104682e-03
7.122119396984959439e-01 -6.999576780701163292e-01 -5.304151074014951117e-02 5.209585827064566743e-01 -7.019608716139533744e-01 -7.104149580498057004e-01 -5.061148191933598217e-02 -3.148202553812112781e-01 -2.255587259415551410e-03 7.327916681966180346e-02 -9.973089170544557902e-01 1.948045552787290025e-01 0.000000000000000000e+00 0.000000000000000000e+00 0.000000000000000000e+00 1.000000000000000000e+00 2.389763251245344885e-03 -1.746823495851644245e-03 1.396432108673843243e-02 -7.485437186222600008e-03 -1.793108157005217709e-02 -7.914340245378736170e-04
7.122067068738326956e-01 -6.999816662991494853e-01 -5.279463541873263832e-02 5.209930466415462202e-01 -7.019669386900065922e-01 -7.104015894099680040e-01 -5.071487700834823031e-02 -3.148350350590889413e-01 -2.005908799327472958e-03 7.317956414776993768e-02 -9.973167639827534847e-01 1.949853470850360093e-01 0.000000000000000000e+00 0.000000000000000000e+00 0.000000000000000000e+00 1.000000000000000000e+00 3.151647164423294900e-03 -1.019008250827659490e-03 1.583974896217016023e-02 -1.000247290856039022e-02 -2.355277533746357940e-02 4.437368853608098613e-04
7.122051515148453138e-01 -7.000021857450111629e-01 -5.254295488381560686e-02 5.210273411736754401e-01 -7.019692038303975146e-01 -7.103915370641281646e-01 -5.082421609216539182e-02 -3.148550516440635216e-01 -1.749008128512197224e-03 7.308080472923246529e-02 -9.973244892965851260e-01 1.951536643988564801e-01 0.000000000000000000e+00 0.000000000000000000e+00 0.000000000000000000e+00 1.000000000000000000e+00 4.114669550190000816e-03 -1.176744632521756510e-03 1.893596540465633526e-02 -1.055845361683283197e-02 -2.683902529609269449e-02 1.031621390395794612e-03
7.121972084138430414e-01 -7.000290674449578532e-01 -5.229188330584100264e-02 5.210592320984672732e-01 -7.019778630459420077e-01 -7.103748211294844683e-01 -5.093813206925898451e-02 -3.148774363868896420e-01 -1.488664160079183202e-03 7.298573995922393032e-02 -9.973318733709573003e-01 1.953270472115304079e-01 0.000000000000000000e+00 0.000000000000000000e+00 0.000000000000000000e+00 1.000000000000000000e+00 3.319514366735693001e-03 -1.713035140907123331e-03 1.710584113750200988e-02 -1.136961395871182237e-02 -2.568918692418459271e-02 1.928583387220618407e-03
7.121876192181121334e-01 -7.000604812798407739e-01 -5.200113059035255114e-02 5.210979968925538719e-01 -7.019881578908978570e-01 -7.103556865927237451e-01 -5.106294846876455185e-02 -3.148983226335470009e-01 -1.192146543496808153e-03 7.287057757159215443e-02 -9.973406928983703512e-01 1.955215294686596939e-01 0.000000000000000000e+00 0.000000000000000000e+00 0.000000000000000000e+00 1.000000000000000000e+00 3.559033616060742859e-03 -2.733803989735461917e-03 2.052274827065238977e-02 -1.305777033413820301e-02 -3.060393156958172295e-02 -2.735602447048475667e-03
7.121898329021020269e-01 -7.000794344935962199e-01 -5.171486546441605991e-02 5.211366972696132027e-01 -7.019863439114916170e-01 -7.103487649592155062e-01 -5.118403152052627969e-02 -3.149150525171455772e-01 -9.027029706876084358e-04 7.275587618909966359e-02 -9.973493708863023777e-01 1.957189867866582778e-01 0.000000000000000000e+00 0.000000000000000000e+00 0.000000000000000000e+00 1.000000000000000000e+00 3.938075762617796252e-03 -2.208667629469832257e-03 2.141529323113572011e-02 -1.370462732091710240e-02 -3.274048047418284813e-02 -1.251006723798917756e-03
