7.242002775155282901e-01 -6.887165199844693664e-01 -3.469168700011371342e-02 6.402014535077278357e-01 -6.895897013706291379e-01 -7.232863720382179951e-01 -3.637124946106337631e-02 -2.936424452267308305e-01 -4.254407388698186465e-05 5.026309903174031729e-02 -9.987360106983864672e-01 1.792034711063011376e-01 0.000000000000000000e+00 0.000000000000000000e+00 0.000000000000000000e+00 1.000000000000000000e+00 9.322297369784659062e-04 -1.673818325357304614e-04 3.981021118873424511e-03 -1.406287749202198532e-03 -5.616448777370861706e-03 -1.748538098277687856e-03
7.242100973278456921e-01 -6.887088978547484253e-01 -3.463796968775834095e-02 6.402113669366300552e-01 -6.895793898392834631e-01 -7.232954444212378320e-01 -3.638633243905384229e-02 -2.936399257538357954e-01 6.105231920613962693e-06 5.023697935964655664e-02 -9.987373257606547705e-01 1.792452121997379910e-01 0.000000000000000000e+00 0.000000000000000000e+00 0.000000000000000000e+00 1.000000000000000000e+00 2.165617675213804896e-03 5.191049467854673503e-04 8.299531959501105921e-03 -2.843590803028199932e-03 -1.115012843098539194e-02 1.217744471616208097e-03
7.242106911461403396e-01 -6.887104374683749031e-01 -3.459491511406470599e-02 6.402180663656745763e-01 -6.895787647033191359e-01 -7.232954178982925475e-01 -3.639870488875482368e-02 -2.936377939046440622e-01 4.582438263339011497e-05 5.021625005368233335e-02 -9.987383672066834084e-01 1.792829666937412469e-01 0.000000000000000000e+00 0.000000000000000000e+00 0.000000000000000000e+00 1.000000000000000000e+00 5.504068874145683988e-04 2.253010135727546721e-04 3.761068557504515866e-03 -9.394859803352754090e-04 -4.192285110062850782e-03 7.379423148048328126e-04
7.242115124134210769e-01 -6.887123578917587752e-01 -3.453944665218733334e-02 6.402295732102706305e-01 -6.895778964868811700e-01 -7.232952368541185617e-01 -3.641874545989956524e-02 -2.936364770369230270e-01 9.982281004332349550e-05 5.019251369794940076e-02 -9.987395564430636696e-01 1.793235774293706897e-01 0.000000000000000000e+00 0.000000000000000000e+00 0.000000000000000000e+00 1.000000000000000000e+00 8.252796533831331313e-04 1.147190595933480486e-04 2.227953752903250560e-03 -1.164603983689372312e-03 -2.956818171627343794e-03 -6.650497419146416149e-04
7.242203510678608680e-01 -6.887055199338876221e-01 -3.449043217673208872e-02 6.402371575291787575e-01 -6.895686045857093438e-01 -7.233029398708313851e-01 -3.644168964153551848e-02 -2.936396551211000738e-01 1.505618209972341831e-04 5.017533245336604913e-02 -9.987404133929558281e-01 1.793585357679499115e-01 0.000000000000000000e+00 0.000000000000000000e+00 0.000000000000000000e+00 1.000000000000000000e+00 8.389643212405029343e-04 -1.073842468546607528e-03 4.874831985467620310e-03 -3.441940776875366224e-03 -6.486107301906543672e-03 1.042999250468119518e-03
7.242221811900684258e-01 -6.887064924487640294e-01 -3.443253593943096380e-02 6.402467683772178342e-01 -6.895666679639151919e-01 -7.233037465631069196e-01 -3.646231809576169769e-02 -2.936415129336032437e-01 2.066529536238325554e-04 5.015034861985981363e-02 -9.987416582018913136e-01 1.793968328683546998e-01 0.000000000000000000e+00 0.000000000000000000e+00 0.000000000000000000e+00 1.000000000000000000e+00 1.056059766074448269e-03 2.722346718243292911e-04 3.700884594905995330e-03 -2.517954495836969338e-03 -5.353889346956879590e-03 3.341261660663154710e-03
7.242082585184430599e-01 -6.887240321229329831e-01 -3.437449446919577101e-02 6.402539041917845175e-01 -6.895812677179484762e-01 -7.232882667409971100e-01 -3.649326523224588614e-02 -2.936551803220055490e-01 2.711202513614435067e-04 5.013273153472809496e-02 -9.987425272424701461e-01 1.794392574588907496e-01 0.000000000000000000e+00 0.000000000000000000e+00 0.000000000000000000e+00 1.000000000000000000e+00 8.694003669113604428e-04 -1.008560376684871371e-03 4.857962743507267429e-03 -3.255473151654708804e-03 -6.446280709228924266e-03 -1.638627091977958375e-03
7.242032624409643349e-01 -6.887322442975172265e-01 -3.431516187880589985e-02 6.402605917963297699e-01 -6.895864891598454394e-01 -7.232821850244138817e-01 -3.651513103506517921e-02 -2.936636200869444657e-01 3.296028854291171983e-04 5.010764902901106155e-02 -9.987437683764155416e-01 1.794834742675465167e-01 0.000000000000000000e+00 0.000000000000000000e+00 0.000000000000000000e+00 1.000000000000000000e+00 6.993065362123852737e-04 -2.320521709793871117e-03 7.108688219714612982e-03 -3.600342131212223677e-03 -9.530231966666306148e-03 -3.005902131721928470e-03
7.242145094381895465e-01 -6.887231504726684106e-01 -3.426027323598845875e-02 6.402725620957964159e-01 -6.895746508641722450e-01 -7.232925593734804703e-01 -3.653319641798655204e-02 -2.936591321691605083e-01 3.810574201396771388e-04 5.008288687727895094e-02 -9.987449920962208072e-01 1.795254675112308573e-01 0.000000000000000000e+00 0.000000000000000000e+00 0.000000000000000000e+00 1.000000000000000000e+00 1.422061227538186498e-03 5.459111175072740510e-05 5.442880089754089344e-03 -2.360164141621642030e-03 -7.208064492926952865e-03 8.485599148163609339e-04
7.242179179643495335e-01 -6.887220651918251058e-01 -3.421000171427024394e-02 6.402831085925176913e-01 -6.895710457030497231e-01 -7.232954644917635179e-01 -3.654372687133283781e-02 -2.936542533044555481e-01 4.245319604431856131e-04 5.005584844502695280e-02 -9.987463300603727223e-01 1.795605763536258781e-01 0.000000000000000000e+00 0.000000000000000000e+00 0.000000000000000000e+00 1.000000000000000000e+00 2.391325817628893111e-03 3.277274575795435254e-04 5.893688199233887426e-03 -2.763390151295442437e-03 -9.476553449715688707e-03 9.260531818749504623e-04
7.242225835559784608e-01 -6.887198635113707113e-01 -3.415551305986325170e-02 6.402940114590638387e-01 -6.895661146824298982e-01 -7.232995454676409697e-01 -3.655599825038591266e-02 -2.936497639375442170e-01 4.721750541144247720e-04 5.002716393303723030e-02 -9.987477458895889226e-01 1.796000716803010377e-01 0.000000000000000000e+00 0.000000000000000000e+00 0.000000000000000000e+00 1.000000000000000000e+00 7.398309042706426551e-04 1.530730726014235604e-03 -1.253893235459177882e-04 2.852211003932175228e-03 -1.355394299124504246e-03 5.535806671038617571e-04
7.242324684621173070e-01 -6.887119399999281910e-01 -3.410564948514283046e-02 6.403054222909815296e-01 -6.895556986330551030e-01 -7.233085892098355396e-01 -3.657353220508682834e-02 -2.936452742738205890e-01 5.197191044312501895e-04 5.000548446733049657e-02 -9.987488079668680463e-01 1.796359355318142004e-01 0.000000000000000000e+00 0.000000000000000000e+00 0.000000000000000000e+00 1.000000000000000000e+00 1.260916591071268916e-03 1.150479860878641635e-03 3.435209828069509929e-03 1.475274726579434094e-04 -4.871158399974208700e-03 7.440934006159561319e-04
7.242394984587008366e-01 -6.887064699430429648e-01 -3.406680394286304425e-02 6.403139484289106509e-01 -6.895482871047813322e-01 -7.233150568972325223e-01 -3.658535522056355349e-02 -2.936405387443569159e-01 5.555386133278533006e-04 4.998726562180998839e-02 -9.987497007020846862e-01 1.796637831193031998e-01 0.000000000000000000e+00 0.000000000000000000e+00 0.000000000000000000e+00 1.000000000000000000e+00 1.604422447106387600e-03 4.276427790296423860e-04 5.384330720698324475e-03 -2.379833147750437788e-03 -7.768770413085906122e-03 7.043272518751088037e-04
7.242412042775231429e-01 -6.887063360296978853e-01 -3.403322992594248753e-02 6.403187108184583698e-01 -6.895464673011737489e-01 -7.233160811872552109e-01 -3.659940065606748227e-02 -2.936452933459079984e-01 5.894566265456074178e-04 4.997428747326808363e-02 -9.987503307295695354e-01 1.796867559088664856e-01 0.000000000000000000e+00 0.000000000000000000e+00 0.000000000000000000e+00 1.000000000000000000e+00 3.996579509903833236e-04 1.953370653572863590e-06 1.051992519458107679e-03 -9.001150478460377300e-04 -2.041015509179119197e-03 1.740388164305468367e-03
7.242348586794913334e-01 -6.887153839480395501e-01 -3.398513479157466710e-02 6.403263315153883140e-01 -6.895530889428427290e-01 -7.233088026440405160e-01 -3.661848641094386791e-02 -2.936483208999153272e-01 6.379677743190200617e-04 4.995493900455601904e-02 -9.987512688683655160e-01 1.797178569010072224e-01 0.000000000000000000e+00 0.000000000000000000e+00 0.000000000000000000e+00 1.000000000000000000e+00 7.948999051705011145e-04 7.203403903936162834e-04 1.844535677701785760e-03 -1.710065865603721140e-05 -2.872422442875126238e-03 -7.434872102298818210e-04
7.242280023138887302e-01 -6.887248540295802801e-01 -3.393930032229797167e-02 6.403298780963024850e-01 -6.895602410834313911e-01 -7.233007225765487602e-01 -3.664339827584284226e-02 -2.936593386144619178e-01 6.888986818167890797e-04 4.994136724375276143e-02 -9.987519137685949566e-01 1.797520672602551661e-01 0.000000000000000000e+00 0.000000000000000000e+00 0.000000000000000000e+00 1.000000000000000000e+00 9.906067897483477409e-05 -6.389825268986639838e-04 1.194403578466846820e-03 -6.646350084209371335e-04 -1.803301385835570734e-03 -1.626214611935868689e-03
7.242388840335133304e-01 -6.887156184971598982e-01 -3.389447878291501626e-02 6.403398052111395344e-01 -6.895487714095320797e-01 -7.233110784955093520e-01 -3.665481650844590322e-02 -2.936575535637533374e-01 7.284926190009484437e-04 4.991873960485559980e-02 -9.987530168839373612e-01 1.797814476090390523e-01 0.000000000000000000e+00 0.000000000000000000e+00 0.000000000000000000e+00 1.000000000000000000e+00 -1.761762923959095698e-04 -8.693504072383262480e-04 1.196633301505039583e-03 1.176566168179596101e-04 -1.703117352509240200e-03 -2.321777727865811155e-04
7.242406139696183631e-01 -6.887151913353855015e-01 -3.386618225861626197e-02 6.403451672166513564e-01 -6.895469260949564916e-01 -7.233124001879698284e-01 -3.666344838275265028e-02 -2.936538411753653044e-01 7.548442932595513660e-04 4.990548024196854449e-02 -9.987536599441884100e-01 1.798036169512692295e-01 0.000000000000000000e+00 0.000000000000000000e+00 0.000000000000000000e+00 1.000000000000000000e+00 6.507157239925708979e-05 6.066030083225857229e-04 2.214040790469337140e-03 -2.178552283077475518e-04 -1.675988614797773455e-03 1.005414331056245832e-03
7.242437898094774562e-01 -6.887142731827281539e-01 -3.381690164388162501e-02 6.403547812339842604e-01 -6.895435399586336001e-01 -7.233149458646421781e-01 -3.667690813231397340e-02 -2.936517802547606304e-01 7.996397450820771913e-04 4.988124901419620921e-02 -9.987548355693012248e-01 1.798416604210645031e-01 0.000000000000000000e+00 0.000000000000000000e+00 0.000000000000000000e+00 1.000000000000000000e+00 1.137748687516973532e-03 -4.152999640101170085e-04 5.448639405269437713e-03 -2.841012283092754498e-03 -7.059543034295747387e-03 -2.982161341732412216e-04
7.242464303761519950e-01 -6.887134859628057937e-01 -3.377635771307468948e-02 6.403624565129628632e-01 -6.895407190201053860e-01 -7.233168463267174442e-01 -3.669246016837546254e-02 -2.936515790266711612e-01 8.395836096890697126e-04 4.986455728201883569e-02 -9.987556362926973685e-01 1.798720294921730967e-01 0.000000000000000000e+00 0.000000000000000000e+00 0.000000000000000000e+00 1.000000000000000000e+00 1.147011306616819038e-03 -1.448047393705613895e-04 3.648405143742756377e-03 -2.387272340007004501e-03 -5.478321774864688444e-03 3.884214635750528159e-04
7.242494030243361580e-01 -6.887130567034411843e-01 -3.372132478262557242e-02 6.403715948758905707e-01 -6.895375245029673472e-01 -7.233185922193384743e-01 -3.671806710808922514e-02 -2.936579628252445895e-01 8.969510647143467269e-04 4.984515699681336953e-02 -9.987565548234217383e-01 1.799043410791070496e-01 0.000000000000000000e+00 0.000000000000000000e+00 0.000000000000000000e+00 1.000000000000000000e+00 6.096325928027557023e-04 -6.468990386660930470e-04 3.729949057418348486e-03 -2.384044892243053840e-03 -4.921492367749654914e-03 -4.129295728627980274e-04
7.242399788149944673e-01 -6.887256381164899022e-01 -3.366672670590387106e-02 6.403776869445204634e-01 -6.895473494831538819e-01 -7.233081543154424864e-01 -3.673917148691929757e-02 -2.936674756590971214e-01 9.517913707097775539e-04 4.982277894519673844e-02 -9.987576206424482184e-01 1.799422912219965365e-01 0.000000000000000000e+00 0.000000000000000000e+00 0.000000000000000000e+00 1.000000000000000000e+00 5.245212128054589249e-04 -2.763427473687025959e-03 5.331425471911893123e-03 -3.635024021118241425e-03 -7.567569255634248697e-03 -3.038643635078439650e-03
7.242329625473692412e-01 -6.887367428350748000e-01 -3.359040084298775541e-02 6.403896850549855024e-01 -6.895546038852609083e-01 -7.232994740786512500e-01 -3.677389098514696752e-02 -2.936743473181435693e-01 1.031610634658113035e-03 4.979527956020046026e-02 -9.987589128078004919e-01 1.800022399652432825e-01 0.000000000000000000e+00 0.000000000000000000e+00 0.000000000000000000e+00 1.000000000000000000e+00 5.313218107673542585e-04 -1.859046825443206024e-03 5.031714638022054958e-03 -4.324125300322449045e-03 -6.146756874340368083e-03 -3.936283211008795996e-03
7.242352762967383395e-01 -6.887372003295788581e-01 -3.353108184298109196e-02 6.403972815467764423e-01 -6.895520856906072193e-01 -7.233008111498063775e-01 -3.679480547258826006e-02 -2.936791876851761462e-01 1.088892612103055033e-03 4.976952352801480850e-02 -9.987601357887057052e-01 1.800477371271697880e-01 0.000000000000000000e+00 0.000000000000000000e+00 0.000000000000000000e+00 1.000000000000000000e+00 6.554576442835400620e-04 -2.586820632710628556e-04 4.294523532092500880e-03 -1.675044985041241599e-03 -5.404517081409762787e-03 -4.081235667600445309e-04
7.242307853560294717e-01 -6.887453836405457164e-01 -3.345991716107865610e-02 6.404072432408838278e-01 -6.895566851210883641e-01 -7.232949502944109321e-01 -3.682380864904807871e-02 -2.936872224415825183e-01 1.160839095217174738e-03 4.974144541971986522e-02 -9.987614535313985575e-01 1.801024905960433575e-01 0.000000000000000000e+00 0.000000000000000000e+00 0.000000000000000000e+00 1.000000000000000000e+00 6.406526235612031248e-04 -1.327750919031391291e-03 4.328067588418763913e-03 -2.514153982159642985e-03 -5.887297002883458766e-03 -1.818121123277615780e-03
7.242392162376728448e-01 -6.887408891284401147e-01 -3.336982628075002566e-02 6.404234253113186837e-01 -6.895476805087149552e-01 -7.233019832132268068e-01 -3.685427227424639685e-02 -2.936867084661631266e-01 1.246582725998748517e-03 4.970139557777989575e-02 -9.987633439955274639e-01 1.801727136777925009e-01 0.000000000000000000e+00 0.000000000000000000e+00 0.000000000000000000e+00 1.000000000000000000e+00 6.732760446760257872e-04 3.813843358165288472e-04 6.586356638589992325e-03 -2.153032251845074345e-03 -6.724416879436636782e-03 1.664187407684684537e-03
7.242332708554448661e-01 -6.887516143210841157e-01 -3.327736702511913114e-02 6.404370112734121268e-01 -6.895537458080291948e-01 -7.232941351105044436e-01 -3.689479308606055663e-02 -2.936944415933725461e-01 1.342023896878045269e-03 4.966696975705196804e-02 -9.987649328480713296e-01 1.802437877563364543e-01 0.000000000000000000e+00 0.000000000000000000e+00 0.000000000000000000e+00 1.000000000000000000e+00 1.603721535308827873e-03 -7.639870833859204987e-04 8.451574369163328271e-03 -4.650857591757833268e-03 -1.010523039607010704e-02 -2.537306131499853564e-03
7.242270083693456151e-01 -6.887632418872895457e-01 -3.317283486979849538e-02 6.404514378498180616e-01 -6.895601134933437848e-01 -7.232860316483396002e-01 -3.693462198864330692e-02 -2.937041367952846205e-01 1.445761887277323063e-03 4.962371456580201567e-02 -9.987669381418553538e-01 1.803172385815271506e-01 0.000000000000000000e+00 0.000000000000000000e+00 0.000000000000000000e+00 1.000000000000000000e+00 1.568373681436441422e-03 -3.873763841656956055e-04 5.978216524198554961e-03 -3.425864450601555453e-03 -8.827259351108061522e-03 -4.859053306465595202e-04
7.242279120561769812e-01 -6.887673917406993418e-01 -3.306677295207843814e-02 6.404658087520641585e-01 -6.895589199409895009e-01 -7.232845497524691414e-01 -3.698588946049830017e-02 -2.937187462252878190e-01 1.557988628506213821e-03 4.958770174228629285e-02 -9.987685580290117660e-01 1.803941505403991175e-01 0.000000000000000000e+00 0.000000000000000000e+00 0.000000000000000000e+00 1.000000000000000000e+00 1.142956470936194431e-03 -1.677081863279554800e-03 7.156511339915073468e-03 -4.601483583191736185e-03 -9.433572315757558432e-03 -9.558177816692590241e-04
7.242239022289758132e-01 -6.887793024610129322e-01 -3.290610796729392939e-02 6.404924633903377185e-01 -6.895627457197622823e-01 -7.232775322415987418e-01 -3.705173504608585966e-02 -2.937329213721252552e-01 1.720219653753381553e-03 4.952457830030849995e-02 -9.987714237945134466e-01 1.805039743634129501e-01 0.000000000000000000e+00 0.000000000000000000e+00 0.000000000000000000e+00 1.000000000000000000e+00 2.773785935164480108e-03 -8.104595399840154287e-04 9.154892126351028142e-03 -6.618066928156154070e-03 -1.755440027288390076e-02 6.407378149620644682e-04
7.242135502430644411e-01 -6.887969456187659212e-01 -3.276433046157423146e-02 6.405117710159313749e-01 -6.895732378240819749e-01 -7.232643643289959900e-01 -3.711346074654750526e-02 -2.937527707484113848e-01 1.866365759608353686e-03 4.947147661058973189e-02 -9.987737930486659810e-01 1.806107897290457343e-01 0.000000000000000000e+00 0.000000000000000000e+00 0.000000000000000000e+00 1.000000000000000000e+00 1.094091997676695325e-03 -2.745016215026026794e-03 1.005018934220001763e-02 -7.540628071297223074e-03 -1.272857966178272265e-02 -1.374601510057905018e-03
7.242064504811693837e-01 -6.888120747759740592e-01 -3.260280239923446510e-02 6.405364263238015887e-01 -6.895802493762746010e-01 -7.232546990901377315e-01 -3.717149330050023570e-02 -2.937626968000190408e-01 2.024043384085060307e-03 4.940208383106943490e-02 -9.987769207193001320e-01 1.807375616086527859e-01 0.000000000000000000e+00 0.000000000000000000e+00 0.000000000000000000e+00 1.000000000000000000e+00 2.333580174138186972e-03 -5.913186424743047337e-04 1.428389274954263918e-02 -6.917863309233625475e-03 -1.666043343975361080e-02 -1.100175123345561957e-03
7.242140251859988664e-01 -6.888121722341997710e-01 -3.243203826305779414e-02 6.405625163236422503e-01 -6.895717896165054484e-01 -7.232596413835297167e-01 -3.723221872059195858e-02 -2.937724378294974126e-01 2.189221090553691157e-03 4.932831365221323344e-02 -9.987802184581178189e-01 1.808725865720738346e-01 0.000000000000000000e+00 0.000000000000000000e+00 0.000000000000000000e+00 1.000000000000000000e+00 1.452411072385808525e-03 -5.548918786519187575e-04 1.078927826415048905e-02 -4.262772814905029482e-03 -1.210970753323336972e-02 1.325861999410682043e-03
7.242088001301711930e-01 -6.888273214126150457e-01 -3.222631051703017668e-02 6.405917391399370553e-01 -6.895765986483902710e-01 -7.232509751772061568e-01 -3.731141248649397224e-02 -2.937874026101348623e-01 2.393409813387294138e-03 4.924376286132615965e-02 -9.987839222818530871e-01 1.810315065175844007e-01 0.000000000000000000e+00 0.000000000000000000e+00 0.000000000000000000e+00 1.000000000000000000e+00 2.713849399017666079e-03 -1.080801979589353585e-03 1.513438341094673276e-02 -5.797774829849737868e-03 -1.782544661776780393e-02 1.700962276890143282e-03
7.242010777571120661e-01 -6.888446008832009859e-01 -3.202990492494323105e-02 6.406237161509180655e-01 -6.895839924660034370e-01 -7.232397929614485799e-01 -3.739143233051889226e-02 -2.938012258318460357e-01 2.591584473676628378e-03 4.916622530909280087e-02 -9.987872476051999904e-01 1.811770603995236928e-01 0.000000000000000000e+00 0.000000000000000000e+00 0.000000000000000000e+00 1.000000000000000000e+00 3.265846527517600982e-03 -1.456413359712864682e-03 1.403894448469994276e-02 -8.132697488319387893e-03 -1.957222195452965052e-02 4.635447065309041817e-05
7.241990988662877493e-01 -6.888564463654038850e-01 -3.181920021126033449e-02 6.406561648753558158e-01 -6.895852422884178878e-01 -7.232341859970851106e-01 -3.747673709325990976e-02 -2.938160457221066779e-01 2.803358571564416174e-03 4.908267011849317546e-02 -9.987907852372079898e-01 1.813330858529468292e-01 0.000000000000000000e+00 0.000000000000000000e+00 0.000000000000000000e+00 1.000000000000000000e+00 3.134914949694276275e-03 -1.213291511678760799e-03 1.593893920600986114e-02 -8.858135436600116791e-03 -2.056130967101564219e-02 -2.312883468477716208e-03
7.242002652284643682e-01 -6.888656933775001434e-01 -3.159164969668115663e-02 6.406899551234264134e-01 -6.895830627623624753e-01 -7.232316900898462242e-01 -3.756490384739652466e-02 -2.938318569527698099e-01 3.029091332638877629e-03 4.898957988511935813e-02 -9.987946964558722662e-01 1.815030116227759893e-01 0.000000000000000000e+00 0.000000000000000000e+00 0.000000000000000000e+00 1.000000000000000000e+00 3.275210354544060530e-03 -1.793203946260024488e-03 1.842366644534955064e-02 -8.831990292994267369e-03 -2.355185365593523775e-02 -1.763508170332720587e-03
7.242044627702530768e-01 -6.888719076974509914e-01 -3.135906390381748565e-02 6.407266450595396901e-01 -6.895776002726977660e-01 -7.232321622715889298e-01 -3.765597772080486738e-02 -2.938447444465597247e-01 3.260261614772720987e-03 4.889513514897670526e-02 -9.987985965413481715e-01 1.816782822798841956e-01 0.000000000000000000e+00 0.000000000000000000e+00 0.000000000000000000e+00 1.000000000000000000e+00 3.624177583196954398e-03 -1.212011586273268465e-03 1.807020968784765758e-02 -9.738727338714808779e-03 -2.360416342762226144e-02 2.346968688191813490e-03
7.242034942970794198e-01 -6.888821897840575748e-01 -3.115489441839947027e-02 6.407584105774144501e-01 -6.895776534888700127e-01 -7.232283515886850367e-01 -3.772812302642916671e-02 -2.938516788634009114e-01 3.458129072750372457e-03 4.880655751674348175e-02 -9.988022633568073294e-01 1.818358606188671678e-01 0.000000000000000000e+00 0.000000000000000000e+00 0.000000000000000000e+00 1.000000000000000000e+00 3.850092430632561132e-03 1.033839907225730812e-04 1.778394457527427558e-02 -7.953670098424030568e-03 -2.337683114882284710e-02 1.488824576610324295e-03
7.242013124384840683e-01 -6.888957371020196785e-01 -3.090505565505424768e-02 6.407975579639236807e-01 -6.895786595780961648e-01 -7.232223832636283101e-01 -3.782402148044999857e-02 -2.938666631408605734e-01 3.705579152193763312e-03 4.870367285064217122e-02 -9.988063981242834011e-01 1.820393968467964585e-01 0.000000000000000000e+00 0.000000000000000000e+00 0.000000000000000000e+00 1.000000000000000000e+00 4.578484247927012106e-03 -1.087385914908801671e-03 2.178720979502539803e-02 -1.132561916462939723e-02 -2.900050041008473203e-02 -8.110032632844788817e-04
7.242044961055436048e-01 -6.889018325846373303e-01 -3.069385739921903777e-02 6.408308074756347006e-01 -6.895741867380500434e-01 -7.232227307953644768e-01 -3.789884754781736032e-02 -2.938795569304231692e-01 3.910090161630399783e-03 4.861220754526803661e-02 -9.988100742746357508e-01 1.822240795546188064e-01 0.000000000000000000e+00 0.000000000000000000e+00 0.000000000000000000e+00 1.000000000000000000e+00 3.360623619630912634e-03 -1.289082220474084507e-03 1.831431988441085262e-02 -7.519131471797394634e-03 -2.056252418101680440e-02 1.889965201842583624e-03
7.241966918358793137e-01 -6.889188950792287658e-01 -3.049438533210951929e-02 6.408605054023512881e-01 -6.895812469000976996e-01 -7.232121754529858837e-01 -3.797174212840112584e-02 -2.938880535442699449e-01 4.105539876194943053e-03 4.852736629340132640e-02 -9.988134156402541652e-01 1.823963073096043219e-01 0.000000000000000000e+00 0.000000000000000000e+00 0.000000000000000000e+00 1.000000000000000000e+00 2.816522704688254920e-03 -9.414644518964607189e-04 1.708981697047077045e-02 -6.332520170078512374e-03 -1.763492464245170963e-02 -1.528067675159174585e-03
7.241996645454673587e-01 -6.889262789482448746e-01 -3.025604149187371972e-02 6.408979769127689519e-01 -6.895766991526051104e-01 -7.232119173096183129e-01 -3.805914669489185442e-02 -2.938984171325769168e-01 4.338416534919906434e-03 4.842628249071796731e-02 -9.988173373075273087e-01 1.826143510671668357e-01 0.000000000000000000e+00 0.000000000000000000e+00 0.000000000000000000e+00 1.000000000000000000e+00 3.783547592354439756e-03 -2.401603070674415198e-04 1.899307221671154428e-02 -8.380053782416851949e-03 -2.303797213432379892e-02 1.792817674126291833e-03
7.241887880767688968e-01 -6.889446598382888975e-01 -3.009742354761835159e-02 6.409295488377857453e-01 -6.895871465457110716e-01 -7.231991653783027552e-01 -3.811213081251818569e-02 -2.939122476186804001e-01 4.490717408668069843e-03 4.835517424672055448e-02 -9.988201092192350306e-01 1.828083411531531421e-01 0.000000000000000000e+00 0.000000000000000000e+00 0.000000000000000000e+00 1.000000000000000000e+00 3.162304824389357456e-03 -6.217812244170328783e-04 1.893509045456987297e-02 -4.763531178782508431e-03 -1.470056562771469323e-02 -2.687255653024461267e-03
7.241936840316135493e-01 -6.889482006741025621e-01 -2.989790622495341887e-02 6.409622939811223663e-01 -6.895807164413525481e-01 -7.232015205619398701e-01 -3.818371602042852642e-02 -2.939209416698838617e-01 4.684391203820557209e-03 4.826942556955082786e-02 -9.988233672848443323e-01 1.829942545144318533e-01 0.000000000000000000e+00 0.000000000000000000e+00 0.000000000000000000e+00 1.000000000000000000e+00 2.836909661003343946e-03 -4.952204960035470373e-04 1.625921614853630473e-02 -6.487089724648180573e-03 -1.844375600889905376e-02 -7.885577305723795623e-04
7.241987816271743261e-01 -6.889547405143012782e-01 -2.962246128511281107e-02 6.410065267297733183e-01 -6.895734998184597231e-01 -7.232032396518207618e-01 -3.828135976205238045e-02 -2.939286397613503632e-01 4.951064313545203502e-03 4.815017840032189550e-02 -9.988278366576395229e-01 1.832191543184322757e-01 0.000000000000000000e+00 0.000000000000000000e+00 0.000000000000000000e+00 1.000000000000000000e+00 5.418390879435510885e-03 -8.461274524578577590e-04 2.582230538536690878e-02 -1.089312592347035057e-02 -3.094975010457766754e-02 6.474561013447063113e-04
7.241981983071202889e-01 -6.889650919390379880e-01 -2.939509581807037142e-02 6.410432261124765496e-01 -6.895724704977674868e-01 -7.231997060008203970e-01 -3.836656320199460790e-02 -2.939441395775840293e-01 5.174698090352602281e-03 4.805504478990614559e-02 -9.988312846371570908e-01 1.834298866149261242e-01 0.000000000000000000e+00 0.000000000000000000e+00 0.000000000000000000e+00 1.000000000000000000e+00 3.722530452773416786e-03 -9.264533646173113207e-04 2.156971797096567806e-02 -7.776661433688852876e-03 -2.104611771240929782e-02 1.960512494431704104e-03
7.242033305537796117e-01 -6.889688203988295623e-01 -2.918048205664203198e-02 6.410816250137431060e-01 -6.895655351758687157e-01 -7.232027181166398311e-01 -3.843437532107740751e-02 -2.939478977277590888e-01 5.376682288411139404e-03 4.795615734135645625e-02 -9.988349704834229570e-01 1.836395511339514730e-01 0.000000000000000000e+00 0.000000000000000000e+00 0.000000000000000000e+00 1.000000000000000000e+00 2.793411826279187417e-03 -9.052767322206920625e-04 2.121275632049516094e-02 -5.401822730234104655e-03 -1.613950237335691484e-02 1.715956067145628936e-03
7.242103882086795563e-01 -6.889702126505388158e-01 -2.897170500514567593e-02 6.411204436424908781e-01 -6.895565737446971433e-01 -7.232078466775813119e-01 -3.849859879853051448e-02 -2.939437654831103530e-01 5.571823409621808748e-03 4.785871482026436696e-02 -9.988385746453951608e-01 1.838562583146677865e-01 0.000000000000000000e+00 0.000000000000000000e+00 0.000000000000000000e+00 1.000000000000000000e+00 3.666034403689912534e-03 1.886694528925575551e-04 1.898658534698410144e-02 -6.233875332127279505e-03 -1.900394023413469122e-02 2.151679766809134076e-03
7.242139410717987058e-01 -6.889748433061841926e-01 -2.877208453470847527e-02 6.411556676462839555e-01 -6.895512618359038726e-01 -7.232092170531850828e-01 -3.856793577353725966e-02 -2.939457179613441107e-01 5.764100776881365962e-03 4.777126396211491682e-02 -9.988416698765103519e-01 1.840739956452303039e-01 0.000000000000000000e+00 0.000000000000000000e+00 0.000000000000000000e+00 1.000000000000000000e+00 3.808956970324436746e-03 -2.666475302988327968e-04 2.275360233511903099e-02 -7.007540215938598202e-03 -1.888644404476596053e-02 1.475031754779942885e-03
7.242212670426688703e-01 -6.889762706257904767e-01 -2.855266848630028109e-02 6.411951355977015821e-01 -6.895417749430443610e-01 -7.232142336092755031e-01 -3.864340711355529479e-02 -2.939512195906635594e-01 5.974694260552170996e-03 4.767463497002841916e-02 -9.988450491487494975e-01 1.842907434995104121e-01 0.000000000000000000e+00 0.000000000000000000e+00 0.000000000000000000e+00 1.000000000000000000e+00 4.055056672253741848e-03 -7.464734916038384682e-04 2.215979674457316598e-02 -7.616019684348999258e-03 -1.988073394489835166e-02 1.592233144484032350e-03
7.242298529346944402e-01 -6.889762868674471630e-01 -2.833365935660442370e-02 6.412351661146985515e-01 -6.895308957776546954e-01 -7.232205015414046034e-01 -3.872014873762941178e-02 -2.939571152907485274e-01 6.185780973820326559e-03 4.757922114268128139e-02 -9.988483137239607679e-01 1.845023640658546016e-01 0.000000000000000000e+00 0.000000000000000000e+00 0.000000000000000000e+00 1.000000000000000000e+00 4.259889052906576032e-03 1.036974253105538667e-03 2.066160573258532529e-02 -6.169260520839229579e-03 -1.950427870142991751e-02 5.012426935288106893e-03
7.242317208235975468e-01 -6.889840267482409963e-01 -2.809671579864841950e-02 6.412761303447291894e-01 -6.895268442641009354e-01 -7.232199284599207800e-01 -3.880291377741471037e-02 -2.939630284290353224e-01 6.414482994070748456e-03 4.747574079681415871e-02 -9.988517950345348062e-01 1.847272611349480287e-01 0.000000000000000000e+00 0.000000000000000000e+00 0.000000000000000000e+00 1.000000000000000000e+00 4.041092505568718435e-03 -2.104232503898052775e-03 2.468680377517713798e-02 -1.019004190261321198e-02 -2.730082814272563954e-02 -8.181709855893896238e-04
7.242464337126225393e-01 -6.889779819186836463e-01 -2.786473911246456492e-02 6.413239824380136955e-01 -6.895092855718314429e-01 -7.232323640438584889e-01 -3.888306456227738628e-02 -2.939582318555808982e-01 6.636894211158889806e-03 4.737391719912781296e-02 -9.988551764917874554e-01 1.849609523816257983e-01 0.000000000000000000e+00 0.000000000000000000e+00 0.000000000000000000e+00 1.000000000000000000e+00 6.075048553626975420e-03 1.497159705134245775e-03 2.422293188232147593e-02 -1.113875254014605985e-02 -2.925732006093410137e-02 5.343290786841062463e-03
7.242568376704987543e-01 -6.889761553828411822e-01 -2.763856728211716574e-02 6.413693572697061196e-01 -6.894962528584163142e-01 -7.232407375387085446e-01 -3.895834774047596261e-02 -2.939526635051745163e-01 6.852034860669186864e-03 4.727253831077983526e-02 -9.988585268895311398e-01 1.851819426017979331e-01 0.000000000000000000e+00 0.000000000000000000e+00 0.000000000000000000e+00 1.000000000000000000e+00 4.280508490766932878e-03 1.282683001259498756e-03 1.911070901788434681e-02 -6.243382284301434403e-03 -2.038710223339124106e-02 8.781310289568420094e-04
7.242830051167186145e-01 -6.889588368321231115e-01 -2.738338273521373489e-02 6.414167482041788215e-01 -6.894662656686393332e-01 -7.232643296154388501e-01 -3.905096683657041656e-02 -2.939380482585260412e-01 7.099084732305910653e-03 4.716387024892751412e-02 -9.988619385776524862e-01 1.854099428007074668e-01 0.000000000000000000e+00 0.000000000000000000e+00 0.000000000000000000e+00 1.000000000000000000e+00 4.013387743100333208e-03 1.226326072640605142e-03 2.247855040140496821e-02 -5.833292826589556689e-03 -2.183098579417331112e-02 2.344690074783227756e-03
7.243005792045069668e-01 -6.889499605220450462e-01 -2.714079697961396809e-02 6.414670299456226576e-01 -6.894453939191379499e-01 -7.232798631740722239e-01 -3.913167937336523017e-02 -2.939297610311315534e-01 7.329377033591053317e-03 4.705519550026272813e-02 -9.988654007466328810e-01 1.856303894733348225e-01 0.000000000000000000e+00 0.000000000000000000e+00 0.000000000000000000e+00 1.000000000000000000e+00 3.588927684478417524e-03 -3.718922394021674928e-04 1.820867277715778471e-02 -6.073022881681559328e-03 -1.836132826718670299e-02 -1.044896832092469816e-03
7.243277451554248625e-01 -6.889301520131683176e-01 -2.691771248027413632e-02 6.415130580347266909e-01 -6.894146687972408927e-01 -7.233057851660005255e-01 -3.919382084699282731e-02 -2.939208804943152509e-01 7.532067793678303563e-03 4.694663771249556888e-02 -9.988690010017546861e-01 1.858252278982294170e-01 0.000000000000000000e+00 0.000000000000000000e+00 0.000000000000000000e+00 1.000000000000000000e+00 4.591329241331394001e-03 -7.113590564946659913e-04 2.524558657837175021e-02 -8.412463802569785168e-03 -2.537782874296727262e-02 1.987305106963960667e-03
7.243492383364856790e-01 -6.889185515077667077e-01 -2.663475755086414098e-02 6.415669502033154448e-01 -6.893891665484184195e-01 -7.233254470364011146e-01 -3.927944392767326875e-02 -2.939101013332253709e-01 7.794739702498171795e-03 4.681374860050036002e-02 -9.988732226738983311e-01 1.860413558934793099e-01 0.000000000000000000e+00 0.000000000000000000e+00 0.000000000000000000e+00 1.000000000000000000e+00 4.883934942479869687e-03 -2.679912997270850867e-04 2.208403200221858986e-02 -9.895682917102117601e-03 -2.769990831762217040e-02 2.889866405458291123e-03
7.243701235561323948e-01 -6.889087478359541272e-01 -2.631845843455132838e-02 6.416229515888511870e-01 -6.893637779383520181e-01 -7.233440468493796960e-01 -3.938237618687806529e-02 -2.939023711744502831e-01 8.093563234821018332e-03 4.667040864037881598e-02 -9.988775536528509136e-01 1.862769092988357245e-01 0.000000000000000000e+00 0.000000000000000000e+00 0.000000000000000000e+00 1.000000000000000000e+00 6.290267905957671289e-03 2.244155482187794749e-03 2.292682393474853100e-02 -1.019444540525785842e-02 -3.122374377739405016e-02 5.766689782955900824e-03
7.243865395955243480e-01 -6.889015497055103188e-01 -2.605371501663439338e-02 6.416691566120309442e-01 -6.893435124996099006e-01 -7.233584516985486212e-01 -3.947242241082463132e-02 -2.939014337195345883e-01 8.346438014019616491e-03 4.655325090286072109e-02 -9.988809397535092227e-01 1.864866512031190804e-01 0.000000000000000000e+00 0.000000000000000000e+00 0.000000000000000000e+00 1.000000000000000000e+00 5.286012135747132808e-03 3.227461324403505731e-04 2.111888144483925131e-02 -1.073277732213249146e-02 -2.851889942024461028e-02 5.215568035532380277e-03
7.243933385540307635e-01 -6.889049507875990574e-01 -2.577323881240273229e-02 6.417173994197801212e-01 -6.893330758401645664e-01 -7.233632662877549357e-01 -3.956634350364568453e-02 -2.939008056983005157e-01 8.614035714070392147e-03 4.642794164989815647e-02 -9.988845001414681235e-01 1.867060942556527658e-01 0.000000000000000000e+00 0.000000000000000000e+00 0.000000000000000000e+00 1.000000000000000000e+00 4.633520859219393898e-03 -2.839155662141138793e-04 2.098442373318601395e-02 -9.426153279464010576e-03 -2.828792610266637683e-02 1.716954663469486301e-03
7.244067581498860875e-01 -6.889014875925487669e-01 -2.548703865783114031e-02 6.417660873270301103e-01 -6.893155275421424255e-01 -7.233748315056722777e-01 -3.966051731178074635e-02 -2.938961075278462287e-01 8.885507080088644871e-03 4.629895827028444877e-02 -9.988881089626686638e-01 1.869265155094212427e-01 0.000000000000000000e+00 0.000000000000000000e+00 0.000000000000000000e+00 1.000000000000000000e+00 3.864840731507762379e-03 -8.569904737443727978e-04 2.242755371407289394e-02 -1.049878495113027235e-02 -2.737179626022618467e-02 -1.114953438147936026e-03
7.244303834896987926e-01 -6.888875641403535699e-01 -2.519014588560586354e-02 6.418168989836580129e-01 -6.892870472379633018e-01 -7.233967730421921871e-01 -3.975519163722793237e-02 -2.938894911126608833e-01 9.164386882793671557e-03 4.616311000044628216e-02 -9.988918766754231182e-01 1.871592202611673250e-01 0.000000000000000000e+00 0.000000000000000000e+00 0.000000000000000000e+00 1.000000000000000000e+00 4.469781438154090195e-03 -5.630188221261493665e-04 2.323415315947967991e-02 -1.044734785745530040e-02 -2.955944668979325340e-02 2.186235935974368237e-03
7.244444755375251122e-01 -6.888826214837637796e-01 -2.491858103539834612e-02 6.418666037925488954e-01 -6.892688670872317847e-01 -7.234097775568234523e-01 -3.983368674214732286e-02 -2.938829123709686963e-01 9.414389382444245113e-03 4.603289642033144696e-02 -9.988955609670664426e-01 1.873798819068525634e-01 0.000000000000000000e+00 0.000000000000000000e+00 0.000000000000000000e+00 1.000000000000000000e+00 4.127061719216426443e-03 1.090269314325168154e-03 1.883871011556086800e-02 -6.447811760935949141e-03 -1.984434846155807078e-02 4.100017162691121063e-03
7.244523916785254869e-01 -6.888846240218403638e-01 -2.463142256451533729e-02 6.419147598414579603e-01 -6.892568333568713790e-01 -7.234164090604260355e-01 -3.992138240312287367e-02 -2.938835758369222062e-01 9.682451245535732276e-03 4.589851727894819766e-02 -9.988991822248487473e-01 1.876189305560743981e-01 0.000000000000000000e+00 0.000000000000000000e+00 0.000000000000000000e+00 1.000000000000000000e+00 4.758123172955168803e-03 1.006340601545412322e-03 2.237494975705126357e-02 -5.584040304330470730e-03 -2.557433116181719035e-02 2.167659382304703685e-03
7.244648490683563979e-01 -6.888829159273723857e-01 -2.431070973387222667e-02 6.419661540067558292e-01 -6.892393750325322976e-01 -7.234270923979330137e-01 -4.002906305969061718e-02 -2.938888944949379356e-01 9.988311625494966303e-03 4.575554751145786969e-02 -9.989027297503989544e-01 1.878773541154398763e-01 0.000000000000000000e+00 0.000000000000000000e+00 0.000000000000000000e+00 1.000000000000000000e+00 5.910164774791941411e-03 8.820837750634047099e-04 2.610123663794887763e-02 -9.145490460464179849e-03 -3.345962863895798889e-02 5.599732183505585353e-03
7.244582782720792036e-01 -6.888998891281639114e-01 -2.402385902093956416e-02 6.420143562280777871e-01 -6.892422011142035343e-01 -7.234188251363475874e-01 -4.012968529148813746e-02 -2.939002025070374113e-01 1.026602387988490191e-02 4.563054018472149920e-02 -9.989056324579153046e-01 1.881223084892288677e-01 0.000000000000000000e+00 0.000000000000000000e+00 0.000000000000000000e+00 1.000000000000000000e+00 4.671839211645709318e-03 -1.695048009862511629e-03 2.429869555761844657e-02 -1.061927088550591522e-02 -2.924032448534551881e-02 -2.042077285639734303e-03
7.244619455297460764e-01 -6.889072596941676618e-01 -2.369972615723298093e-02 6.420660017611123926e-01 -6.892335824708608616e-01 -7.234205635468873297e-01 -4.024620518616489617e-02 -2.939128111242800268e-01 1.058103367531763178e-02 4.549149127228642453e-02 -9.989086874925980908e-01 1.883892857728770853e-01 0.000000000000000000e+00 0.000000000000000000e+00 0.000000000000000000e+00 1.000000000000000000e+00 4.452397467185520603e-03 -1.403111775332061212e-03 2.668713115442858733e-02 -1.047077799784221566e-02 -2.796453985576581938e-02 -1.308221085974358962e-03
7.244669065013999987e-01 -6.889134850830780366e-01 -2.336474812573807736e-02 6.421146419700267671e-01 -6.892233026166699750e-01 -7.234236898518281444e-01 -4.036587780955580573e-02 -2.939232984632091372e-01 1.090598525863863827e-02 4.534727149293035081e-02 -9.989117500829012286e-01 1.886522355241204152e-01 0.000000000000000000e+00 0.000000000000000000e+00 0.000000000000000000e+00 1.000000000000000000e+00 4.465889730053295391e-03 -1.324188089580375684e-03 2.423640077361331052e-02 -1.195524306447139258e-02 -3.100300984764644760e-02 2.007133117408126978e-03
7.244650610581468975e-01 -6.889272378913879891e-01 -2.301382622160530467e-02 6.421683000282115694e-01 -6.892197077241473124e-01 -7.234198274472749546e-01 -4.049626823296159639e-02 -2.939430305452149228e-01 1.125032402450755649e-02 4.519971402008885614e-02 -9.989146190049706941e-01 1.889376374365511757e-01 0.000000000000000000e+00 0.000000000000000000e+00 0.000000000000000000e+00 1.000000000000000000e+00 5.176773046253010935e-03 -1.303937003267913522e-03 2.734918579615702727e-02 -1.054113157610283430e-02 -3.180914749211439380e-02 2.201489883948610539e-03
