7.222709592773398635e-01 -6.915225687974317914e-01 -1.100900669416588797e-02 3.096219571460048225e-01 -6.915806827326522743e-01 -7.220015822389937998e-01 -2.073341543085075941e-02 1.156204512862512787e-02 6.389104446618895997e-03 2.258876021809566245e-02 -9.997244256574806531e-01 5.862316135643296233e-01 0.000000000000000000e+00 0.000000000000000000e+00 0.000000000000000000e+00 1.000000000000000000e+00 6.074884522340903399e-04 4.000136552607798553e-03 -2.245695122211692723e-04 -6.579082015904297830e-03 -2.664796043463514997e-03 6.431914186748947417e-03
7.223143320898260944e-01 -6.914787725334433643e-01 -1.091388076124624566e-02 3.096297722703291178e-01 -6.915344540610547375e-01 -7.220445137224913434e-01 -2.078025624792950721e-02 1.159865333164065114e-02 6.488798356169422563e-03 2.255720148629449667e-02 -9.997244961273077379e-01 5.862433331777217038e-01 0.000000000000000000e+00 0.000000000000000000e+00 0.000000000000000000e+00 1.000000000000000000e+00 1.382402293024218845e-03 3.226791636221246380e-03 7.048728312107571756e-04 -6.374387559425216676e-03 -1.169232197085663498e-02 4.194764043573851256e-03
7.223736199008633507e-01 -6.914184746815462690e-01 -1.080953932259185943e-02 3.096390057978312682e-01 -6.914716086415819696e-01 -7.221037331295228068e-01 -2.081377051448502283e-02 1.164765530785320108e-02 6.585416763243045341e-03 2.250980829440141218e-02 -9.997249325772581408e-01 5.862558144781258029e-01 0.000000000000000000e+00 0.000000000000000000e+00 0.000000000000000000e+00 1.000000000000000000e+00 6.413238074985492133e-04 4.054344638858199505e-03 5.628580044933686327e-04 -6.769500912878785061e-03 -3.894770627990288767e-03 6.874000459076365366e-03
7.224404355719515891e-01 -6.913495107786280514e-01 -1.075504517706945759e-02 3.096424511541389091e-01 -6.914012435615697338e-01 -7.221702312081753616e-01 -2.084412526938005800e-02 1.170426230823665321e-02 6.643602345415729193e-03 2.249469054871392273e-02 -9.997248878791572535e-01 5.862606965048888785e-01 0.000000000000000000e+00 0.000000000000000000e+00 0.000000000000000000e+00 1.000000000000000000e+00 6.009080981047123290e-04 8.433118149327550189e-03 1.636137134166471300e-03 1.165144816065722278e-03 -1.042865682754845480e-02 1.312156980223208418e-02
7.225059828581612553e-01 -6.912812851347276411e-01 -1.073729745521189750e-02 3.096442713687699855e-01 -6.913325401559671235e-01 -7.222355496095121952e-01 -2.085976514114878597e-02 1.175778798616894209e-02 6.665107325496187271e-03 2.249434823961792007e-02 -9.997247524401975394e-01 5.862593950843566493e-01 0.000000000000000000e+00 0.000000000000000000e+00 0.000000000000000000e+00 1.000000000000000000e+00 -1.082137268458114866e-04 8.351780024773415578e-03 -8.830723888238472966e-04 -9.898736274685101481e-04 1.253295959738203163e-03 1.673083550693653387e-02
7.225932004367637829e-01 -6.911906523298002591e-01 -1.070274798639720727e-02 3.096449091068915749e-01 -6.912410739636781765e-01 -7.223227000428886768e-01 -2.087330036893478985e-02 1.183542716796946899e-02 6.696592274866873529e-03 2.248108392974627889e-02 -9.997248404022218704e-01 5.862633046327525577e-01 0.000000000000000000e+00 0.000000000000000000e+00 0.000000000000000000e+00 1.000000000000000000e+00 3.329943314738733912e-04 1.011820596893352013e-02 7.332077134965607045e-04 -8.025693660308646712e-03 -5.842629433055379976e-03 1.730568763018720466e-02
7.227115242412687213e-01 -6.910670102649265623e-01 -1.069766574342417668e-02 3.096438871214746147e-01 -6.911175923698161805e-01 -7.224418342534955073e-01 -2.083913715568883745e-02 1.194523584633810226e-02 6.672798948772517766e-03 2.245402957023307638e-02 -9.997256075095047878e-01 5.862611139712297081e-01 0.000000000000000000e+00 0.000000000000000000e+00 0.000000000000000000e+00 1.000000000000000000e+00 -8.232031784345481419e-05 9.268873211370719928e-03 2.602363021670037191e-04 1.472743714998072349e-03 -1.455486630305941964e-03 1.354647308039791040e-02
7.228074794801248038e-01 -6.909668065094061173e-01 -1.068737150948420589e-02 3.096417135772219220e-01 -6.910176863824127880e-01 -7.225395219038335259e-01 -2.076526892859563087e-02 1.203895087417067994e-02 6.626063257029298631e-03 2.239445442899829636e-02 -9.997272546532586235e-01 5.862629346193501956e-01 0.000000000000000000e+00 0.000000000000000000e+00 0.000000000000000000e+00 1.000000000000000000e+00 -2.247127885381004428e-04 1.267828329035308212e-02 -3.395249037706163527e-04 6.653073584396643723e-03 -2.753056797587157475e-05 1.869065734808186829e-02
7.229894021947972371e-01 -6.907773091627750217e-01 -1.063171951499926327e-02 3.096411358952956827e-01 -6.908270868910625362e-01 -7.227220722266003428e-01 -2.075433289935428582e-02 1.219931662427496677e-02 6.652843874472161648e-03 2.234984255704576539e-02 -9.997280751314614466e-01 5.862817003720697251e-01 0.000000000000000000e+00 0.000000000000000000e+00 0.000000000000000000e+00 1.000000000000000000e+00 -1.966424679670284554e-05 1.262727503877448740e-02 3.207310291850442360e-03 -1.596412076265514264e-03 -6.954996123266892101e-03 1.969857101656533743e-02
7.231543353670873975e-01 -6.906054022979541962e-01 -1.058232283891304311e-02 3.096366998616731925e-01 -6.906542378816320493e-01 -7.228876721897087299e-01 -2.073974667844024136e-02 1.234089717721327702e-02 6.673150375040108433e-03 2.230676384025602477e-02 -9.997289019284415490e-01 5.862973107767552872e-01 0.000000000000000000e+00 0.000000000000000000e+00 0.000000000000000000e+00 1.000000000000000000e+00 -9.285740006853514510e-04 1.522841189560158667e-02 1.039907779527939448e-03 -3.937806935943012295e-04 -4.515514767840109189e-03 2.848379970503481934e-02
7.232934740690288855e-01 -6.904607379293318248e-01 -1.051283725915952601e-02 3.096413261957912111e-01 -6.905082856116471213e-01 -7.230279726732894430e-01 -2.070889262169517062e-02 1.247341606314336833e-02 6.697601870740590817e-03 2.223780812120488767e-02 -9.997302746336863555e-01 5.863116479229165678e-01 0.000000000000000000e+00 0.000000000000000000e+00 0.000000000000000000e+00 1.000000000000000000e+00 -1.105821454562546996e-04 1.596696339468408471e-02 1.150276225949512345e-03 5.644032138838005544e-03 -3.737322712734758318e-03 2.242239192151343832e-02
7.234750532357681063e-01 -6.902722255235307358e-01 -1.039721194810850659e-02 3.096446154373821424e-01 -6.903174731563368471e-01 -7.232109893119210708e-01 -2.067972904857372923e-02 1.264394646773500316e-02 6.755264654505306263e-03 2.213864515420729123e-02 -9.997320875065396351e-01 5.863349592492779205e-01 0.000000000000000000e+00 0.000000000000000000e+00 0.000000000000000000e+00 1.000000000000000000e+00 3.808564299134751001e-04 1.576233762922430587e-02 1.320244984590308087e-03 -6.034360387784695745e-03 -4.383599650572782454e-03 2.481622081808927335e-02
7.236421636639610577e-01 -6.900988525207982782e-01 -1.027583170446084992e-02 3.096477729009490809e-01 -6.901415750466668442e-01 -7.233792378988764815e-01 -2.066602450754283921e-02 1.280032498116704699e-02 6.828276491672059280e-03 2.204658536640178440e-02 -9.997336258793316777e-01 5.863694009818849473e-01 0.000000000000000000e+00 0.000000000000000000e+00 0.000000000000000000e+00 1.000000000000000000e+00 2.367369934724165067e-04 1.631454792654229644e-02 2.791645756169779287e-03 3.345443922110561113e-03 -1.175568085659639377e-02 2.537656321817397323e-02
7.238441555488560608e-01 -6.898884541537906312e-01 -1.017640914354144346e-02 3.096537814638840036e-01 -6.899292191747832259e-01 -7.235824175299784278e-01 -2.064358424173884377e-02 1.299371082278168860e-02 6.878299690868954971e-03 2.196373981736971306e-02 -9.997351064790100938e-01 5.864046269546987489e-01 0.000000000000000000e+00 0.000000000000000000e+00 0.000000000000000000e+00 1.000000000000000000e+00 7.698735321363166934e-04 1.741057796790380224e-02 3.974981206575059836e-03 3.513580670034120289e-03 -1.168044348154102449e-02 2.692251307229447804e-02
7.240406073022839228e-01 -6.896842897019317409e-01 -1.003890012310725693e-02 3.096631396269743375e-01 -6.897216604036057186e-01 -7.237784103452856721e-01 -2.070854625859216980e-02 1.317619898764529722e-02 7.016419844399135117e-03 2.191787527095395011e-02 -9.997351532261800067e-01 5.864454803288279283e-01 0.000000000000000000e+00 0.000000000000000000e+00 0.000000000000000000e+00 1.000000000000000000e+00 9.328576929329761248e-04 1.755362448002439207e-02 3.464737095119014079e-03 -5.380268063497728459e-03 -1.392372020100488689e-02 2.580135694277217728e-02
7.242021884933783626e-01 -6.895162456663386230e-01 -9.926587711730258667e-03 3.096660953009334749e-01 -6.895506419431729483e-01 -7.239390171234472149e-01 -2.078970134695457689e-02 1.332586804143555230e-02 7.148592669856839756e-03 2.190083214251705920e-02 -9.997345903660160849e-01 5.864820494146120167e-01 0.000000000000000000e+00 0.000000000000000000e+00 0.000000000000000000e+00 1.000000000000000000e+00 6.203141691199556265e-04 1.923929933661845670e-02 4.940862096624028948e-03 -1.257709443499097079e-02 -1.164476162893913688e-02 3.227739404476621943e-02
7.244457868387383925e-01 -6.892620593134056728e-01 -9.803852438938512326e-03 3.096714806511921547e-01 -6.892930975508928526e-01 -7.241812010281774015e-01 -2.089530440270725292e-02 1.355724993928171876e-02 7.302574908656963085e-03 2.189524305482200284e-02 -9.997335998811253122e-01 5.865255941139990714e-01 0.000000000000000000e+00 0.000000000000000000e+00 0.000000000000000000e+00 1.000000000000000000e+00 1.106614786389116057e-03 2.104275674587154088e-02 4.375552448450366685e-03 -5.519694193709592106e-03 -1.367734275133250001e-02 3.249204335622857265e-02
7.246235919741881304e-01 -6.890770771199623557e-01 -9.666009633488048189e-03 3.096762285018359595e-01 -6.891048101532210035e-01 -7.243589639996874663e-01 -2.094401816730883867e-02 1.374599915634965377e-02 7.430382097752123369e-03 2.183742340819200961e-02 -9.997339227818432539e-01 5.865691995426529637e-01 0.000000000000000000e+00 0.000000000000000000e+00 0.000000000000000000e+00 1.000000000000000000e+00 7.027168967716290000e-04 2.014865229240877381e-02 6.058120747783865383e-03 -4.773310514360879636e-03 -1.851964963308276590e-02 3.053754450347546945e-02
7.247880714493034615e-01 -6.889058133128171946e-01 -9.541062236736421592e-03 3.096827314857590885e-01 -6.889306146195609548e-01 -7.245235997876204870e-01 -2.098002837705904844e-02 1.394070996471040089e-02 7.540538754865809025e-03 2.177920417723863342e-02 -9.997343679901640190e-01 5.866068426296737748e-01 0.000000000000000000e+00 0.000000000000000000e+00 0.000000000000000000e+00 1.000000000000000000e+00 7.081772938671587357e-04 2.025081028782298523e-02 2.690640693639773443e-03 -1.221040177382181138e-02 -6.866933491815753465e-03 2.892780954762111736e-02
7.249618749593939038e-01 -6.887250194667746683e-01 -9.387620350826061943e-03 3.096947199075294477e-01 -6.887465136185778602e-01 -7.246984628946752105e-01 -2.098518182787813616e-02 1.412105914654120283e-02 7.649825724436769975e-03 2.167914755210856997e-02 -9.997357124399426365e-01 5.866494142848470705e-01 0.000000000000000000e+00 0.000000000000000000e+00 0.000000000000000000e+00 1.000000000000000000e+00 2.570351214465576607e-03 2.051600309080055598e-02 4.792435152565202063e-03 -2.603337896125762843e-03 -2.261445861306820085e-02 2.752127955357978537e-02
7.251409272814108853e-01 -6.885391306620424201e-01 -9.192449543757474917e-03 3.097099539829400450e-01 -6.885568093742135964e-01 -7.248799552333364815e-01 -2.094208120791416286e-02 1.433200297460836270e-02 7.756019975387530574e-03 2.151548391449253569e-02 -9.997384298435599836e-01 5.867004097410928320e-01 0.000000000000000000e+00 0.000000000000000000e+00 0.000000000000000000e+00 1.000000000000000000e+00 1.220592949566834179e-03 2.063121196239756094e-02 5.654029456875205722e-03 3.822525561615191646e-03 -2.109678754698854353e-02 1.744757827630759317e-02
7.253901708506446111e-01 -6.882793281196697421e-01 -8.981454025301472549e-03 3.097341140382888214e-01 -6.882923896663735164e-01 -7.251303534361165370e-01 -2.096561119943185156e-02 1.456604872968524089e-02 7.917471858226134834e-03 2.139011474369743870e-02 -9.997398544774663831e-01 5.867589217649731292e-01 0.000000000000000000e+00 0.000000000000000000e+00 0.000000000000000000e+00 1.000000000000000000e+00 2.828913617551794598e-03 2.218563934262798854e-02 5.380294631997900069e-03 -4.576946300428080122e-03 -1.553353022975272231e-02 3.663105736013372304e-02
7.255783349498812207e-01 -6.880836270352391759e-01 -8.775081617167144327e-03 3.097540300368091248e-01 -6.880920039681759359e-01 -7.253192349787025428e-01 -2.100955603932487883e-02 1.475547980661714824e-02 8.091596036499481767e-03 2.128214218399035462e-02 -9.997407646473371878e-01 5.868175697187185680e-01 0.000000000000000000e+00 0.000000000000000000e+00 0.000000000000000000e+00 1.000000000000000000e+00 2.771581676517696421e-03 1.928904570738168914e-02 7.451526852666477338e-03 -1.151783236154290974e-03 -2.307501528683357506e-02 3.001325555095335842e-02
7.258210733065368903e-01 -6.878308050050265798e-01 -8.517818399315271738e-03 3.097782160520075045e-01 -6.878333884634852957e-01 -7.255629815591514431e-01 -2.106156465780109968e-02 1.499622698745551111e-02 8.306579259054085174e-03 2.114576735735793078e-02 -9.997418953229285643e-01 5.868974956695642842e-01 0.000000000000000000e+00 0.000000000000000000e+00 0.000000000000000000e+00 1.000000000000000000e+00 2.189112604622972351e-03 2.277042584056198846e-02 7.159771682189938757e-03 9.908367400094781046e-04 -2.116612198623912117e-02 3.447657609229302922e-02
7.260302047083543320e-01 -6.876127995533942716e-01 -8.293355261208503262e-03 3.098022691255421512e-01 -6.876103150816478271e-01 -7.257729643124202212e-01 -2.111063396677720361e-02 1.522979489052416618e-02 8.496849090219370931e-03 2.102955452466598318e-02 -9.997427476066190755e-01 5.869735448729401783e-01 0.000000000000000000e+00 0.000000000000000000e+00 0.000000000000000000e+00 1.000000000000000000e+00 2.312468634210892385e-03 2.298882505809405133e-02 7.367261419533744499e-03 -4.626748873911085613e-04 -1.444821085602961304e-02 2.666421356155216499e-02
7.262056097962774626e-01 -6.874305420575869130e-01 -8.041277686346711556e-03 3.098205821485356393e-01 -6.874226724032111990e-01 -7.259501231394419607e-01 -2.113026691398291537e-02 1.544365819040977549e-02 8.688024311898773222e-03 2.087267496611197592e-02 -9.997443921689758151e-01 5.870618417567449177e-01 0.000000000000000000e+00 0.000000000000000000e+00 0.000000000000000000e+00 1.000000000000000000e+00 1.229104833284167322e-03 2.581392766497500255e-02 1.036397225181868650e-02 -1.709357518137249793e-04 -2.326577016575001947e-02 2.866863138264894029e-02
7.264268051830614636e-01 -6.871995921532803031e-01 -7.798541908292704918e-03 3.098414202249444305e-01 -6.871865389100378918e-01 -7.261729349835638336e-01 -2.115488686331667284e-02 1.568676088761896195e-02 8.874539558382783452e-03 2.072652990063278411e-02 -9.997457944427196042e-01 5.871517310244231957e-01 0.000000000000000000e+00 0.000000000000000000e+00 0.000000000000000000e+00 1.000000000000000000e+00 1.399490325797340473e-03 2.281600830613367617e-02 1.018484336943145489e-02 -4.201720662352684244e-04 -2.171385361985832610e-02 2.840537053712138479e-02
7.267281310926295701e-01 -6.868840271757978844e-01 -7.520418164632016421e-03 3.098592211107693561e-01 -6.868646535176379242e-01 -7.264751840932639482e-01 -2.123098313205228418e-02 1.597847773979614236e-02 9.119826024036100515e-03 2.059466210977327350e-02 -9.997463121541760867e-01 5.872652017869467445e-01 0.000000000000000000e+00 0.000000000000000000e+00 0.000000000000000000e+00 1.000000000000000000e+00 1.047976989498085841e-03 2.682788935210514078e-02 1.283744154218960550e-02 -1.214449763613600127e-03 -2.965439566366245144e-02 4.359734444777275952e-02
7.269594974240404239e-01 -6.866415003442875031e-01 -7.303362919392674714e-03 3.098714593093257474e-01 -6.866172481817552908e-01 -7.267074186904273203e-01 -2.128572572429297469e-02 1.624108384621717610e-02 9.308254632334235501e-03 2.048847542502410524e-02 -9.997467573193011825e-01 5.873605859294419584e-01 0.000000000000000000e+00 0.000000000000000000e+00 0.000000000000000000e+00 1.000000000000000000e+00 1.896870655407174215e-03 2.632361723119797450e-02 7.456236569717468281e-03 -6.559425169272596612e-03 -1.359071699560163854e-02 3.420940466080400755e-02
7.271588404584079512e-01 -6.864329524363718127e-01 -7.058509238451787966e-03 3.098806205679632830e-01 -6.864030989205551769e-01 -7.269076044972504480e-01 -2.135697348238551133e-02 1.647819485164554384e-02 9.529246320774391321e-03 2.037489468818518695e-02 -9.997469965601313291e-01 5.874628461393451850e-01 0.000000000000000000e+00 0.000000000000000000e+00 0.000000000000000000e+00 1.000000000000000000e+00 2.328649492493949612e-03 2.734826605128625951e-02 1.129343199203654280e-02 -6.260683322008156644e-03 -3.075958895221217806e-02 3.181294441801281458e-02
7.274148050996597226e-01 -6.861644418703206627e-01 -6.786754350579607756e-03 3.098947929801746937e-01 -6.861282674518643931e-01 -7.271643029383634271e-01 -2.144940874865501959e-02 1.675991347897211672e-02 9.782736085916080016e-03 2.025920148859046074e-02 -9.997468993848984686e-01 5.875783769122937539e-01 0.000000000000000000e+00 0.000000000000000000e+00 0.000000000000000000e+00 1.000000000000000000e+00 1.110365212568460323e-03 2.599681490625043584e-02 9.263338709680497829e-03 -1.056473261618441455e-02 -2.254369336465540316e-02 3.749486793657670625e-02
7.276575684701904745e-01 -6.859096269548263791e-01 -6.515113102674970416e-03 3.099105342430682475e-01 -6.858672706985674550e-01 -7.274081456567131898e-01 -2.152850707225146751e-02 1.701130422570524062e-02 1.002746391406171035e-02 2.013388395101204514e-02 -9.997470063393534279e-01 5.876861872270544573e-01 0.000000000000000000e+00 0.000000000000000000e+00 0.000000000000000000e+00 1.000000000000000000e+00 1.162928712592422491e-03 2.427283922917479117e-02 1.118568511177922553e-02 -5.905003567897165739e-04 -2.470305280206928217e-02 3.032126517609275151e-02
7.278949965990779702e-01 -6.856604846069634940e-01 -6.210778902245434746e-03 3.099300383307885820e-01 -6.856114132101324143e-01 -7.276472739198236450e-01 -2.159710242265012667e-02 1.726224384479662158e-02 1.028902337608295949e-02 1.997860369478891840e-02 -9.997474638089226540e-01 5.877988540603407142e-01 0.000000000000000000e+00 0.000000000000000000e+00 0.000000000000000000e+00 1.000000000000000000e+00 2.274392519197410839e-03 2.721911407429559657e-02 1.243147381461704414e-02 -7.491386261527900083e-03 -2.933033411531967005e-02 3.903293390068745400e-02
7.281449607821646186e-01 -6.853977164625325580e-01 -5.906467259372204584e-03 3.099490084420096769e-01 -6.853417285603705666e-01 -7.278985833837130492e-01 -2.168795522559070418e-02 1.751437593177815680e-02 1.056556583546218453e-02 1.983992378840648829e-02 -9.997473412030893902e-01 5.879031783786505816e-01 0.000000000000000000e+00 0.000000000000000000e+00 0.000000000000000000e+00 1.000000000000000000e+00 1.421482010314233796e-03 2.422368512504614185e-02 1.061479528219029522e-02 -1.430700921308736620e-02 -2.642112247981973777e-02 3.181406846749965101e-02
7.283579475004754444e-01 -6.851736903294651793e-01 -5.631553355592573695e-03 3.099733028408775404e-01 -6.851120601648418296e-01 -7.281139554749409548e-01 -2.171480737473522465e-02 1.774843159717649430e-02 1.077800211453205578e-02 1.967439765120867698e-02 -9.997483447085477870e-01 5.879959968283754446e-01 0.000000000000000000e+00 0.000000000000000000e+00 0.000000000000000000e+00 1.000000000000000000e+00 2.734842747497336513e-03 2.615876546481254311e-02 8.755273820319965650e-03 -2.612617294169675185e-04 -2.788104935972336371e-02 3.595949574174926722e-02
7.286042871482978356e-01 -6.849142928151704668e-01 -5.310767045872121297e-03 3.100015419860764343e-01 -6.848464660300340734e-01 -7.283637542443980317e-01 -2.171542007836283969e-02 1.801199995701881565e-02 1.100503136270735392e-02 1.945900820959571564e-02 -9.997500869138269408e-01 5.881004536718126285e-01 0.000000000000000000e+00 0.000000000000000000e+00 0.000000000000000000e+00 1.000000000000000000e+00 2.855694656578553446e-03 2.825784782147866547e-02 9.316104023744721865e-03 -3.144052226093407604e-04 -2.913593754660735377e-02 4.269492891917094773e-02
7.288676531646071100e-01 -6.846364330651539820e-01 -4.989858729582213881e-03 3.100375679216297309e-01 -6.845619216672448326e-01 -7.286296919589722032e-01 -2.176573911040292908e-02 1.831521659268893140e-02 1.126585875851870283e-02 1.928021046556335771e-02 -9.997506458666765017e-01 5.881977789085341968e-01 0.000000000000000000e+00 0.000000000000000000e+00 0.000000000000000000e+00 1.000000000000000000e+00 3.914998677154659865e-03 2.723778467504937503e-02 7.727824644555686059e-03 -7.212438728602243478e-03 -2.703914671459558411e-02 3.436366634108693058e-02
7.290818314140196099e-01 -6.844104907216382871e-01 -4.686501055783397901e-03 3.100732692501728671e-01 -6.843297889232912157e-01 -7.288465555541100427e-01 -2.180455111011722277e-02 1.857244425199195206e-02 1.150752337313204476e-02 1.910441433481778820e-02 -9.997512681956152170e-01 5.882907199120437358e-01 0.000000000000000000e+00 0.000000000000000000e+00 0.000000000000000000e+00 1.000000000000000000e+00 4.012934771337173939e-03 2.542424531477063473e-02 7.782975944799260665e-03 6.283850476740875188e-04 -2.492628023570591517e-02 3.182997434082346366e-02
7.293357473507187105e-01 -6.841420695183679790e-01 -4.358480410998545607e-03 3.101045100063903881e-01 -6.840545273759136569e-01 -7.291031344432070682e-01 -2.186373530772232204e-02 1.882729417686251211e-02 1.178011939175859293e-02 1.892744198815875592e-02 -9.997514594772546337e-01 5.883855849159980167e-01 0.000000000000000000e+00 0.000000000000000000e+00 0.000000000000000000e+00 1.000000000000000000e+00 1.310286360379289694e-03 2.634911975308765544e-02 1.008490559858208312e-02 -6.457643462823348980e-03 -3.241129440654207106e-02 3.978629690829295351e-02
7.295903200722524407e-01 -6.838722444631776254e-01 -4.088778517315191062e-03 3.101396993409014646e-01 -6.837793067334684283e-01 -7.293602489979956749e-01 -2.189718851083214540e-02 1.907937937740325843e-02 1.199268693684946152e-02 1.877179891425691943e-02 -9.997518667277180970e-01 5.884619154630232885e-01 0.000000000000000000e+00 0.000000000000000000e+00 0.000000000000000000e+00 1.000000000000000000e+00 2.410374362946323019e-03 2.373372360470858353e-02 8.996046898277086992e-03 -7.509777321494988216e-03 -2.828112049494560520e-02 3.689511931339015810e-02
7.298124989064421753e-01 -6.836366394769387567e-01 -3.829047481036217723e-03 3.101721266881910521e-01 -6.835391581155673135e-01 -7.295858953939996505e-01 -2.187785558039898742e-02 1.930677230238645944e-02 1.216288463298779467e-02 1.858403634341728242e-02 -9.997533184894116243e-01 5.885307781133457539e-01 0.000000000000000000e+00 0.000000000000000000e+00 0.000000000000000000e+00 1.000000000000000000e+00 4.142199389655320217e-03 2.666036023017609100e-02 8.608207890083699118e-03 -3.272938899257356923e-03 -3.326344644402153689e-02 3.829523404000929193e-02
7.300883735940849606e-01 -6.833436412803209903e-01 -3.526281964864371593e-03 3.102086733228666682e-01 -6.832411063392827000e-01 -7.298661161544338638e-01 -2.184131630455455123e-02 1.958259398713399144e-02 1.235141089174852415e-02 1.835539188888444043e-02 -9.997552311629025468e-01 5.886045903193941609e-01 0.000000000000000000e+00 0.000000000000000000e+00 0.000000000000000000e+00 1.000000000000000000e+00 3.423818903631040567e-03 2.382515961624780132e-02 7.527850532319893886e-03 2.950470046363872119e-03 -2.758739028119389786e-02 3.388814413005827170e-02
7.303598283082891607e-01 -6.830549130491179177e-01 -3.241443034822406345e-03 3.102418521434767706e-01 -6.829472976665367234e-01 -7.301411244946977019e-01 -2.183865681750788226e-02 1.984933539364766228e-02 1.255029097116159426e-02 1.816381240489071958e-02 -9.997562533515148564e-01 5.886728298062706699e-01 0.000000000000000000e+00 0.000000000000000000e+00 0.000000000000000000e+00 1.000000000000000000e+00 2.583572172731444724e-03 2.675411984675033980e-02 9.008016254099766168e-03 6.434310071521534731e-03 -2.942956216260727426e-02 4.137818870773860708e-02
7.306245281007650583e-01 -6.827732036396932935e-01 -2.924265570042880631e-03 3.102808014171093975e-01 -6.826603528298842427e-01 -7.304103719374936965e-01 -2.180667880054052918e-02 2.012004730810015157e-02 1.275310204272787212e-02 1.792877457390359627e-02 -9.997579294161991204e-01 5.887428598147372849e-01 0.000000000000000000e+00 0.000000000000000000e+00 0.000000000000000000e+00 1.000000000000000000e+00 4.204155116957502061e-03 2.716524245324122844e-02 5.425621087262474419e-03 7.438411565680686996e-04 -2.655541732792180559e-02 3.946138535673360953e-02
7.308954482255567431e-01 -6.824845281727389690e-01 -2.590862403938548608e-03 3.103225630625994214e-01 -6.823656914877064272e-01 -7.306853612444286217e-01 -2.181664372910719144e-02 2.039576772262585019e-02 1.299641657021595453e-02 1.771360121297618079e-02 -9.997586316148517893e-01 5.888049312709825456e-01 0.000000000000000000e+00 0.000000000000000000e+00 0.000000000000000000e+00 1.000000000000000000e+00 4.533361296785174202e-03 2.766248930856460633e-02 5.637701272608904371e-03 -3.371052441922085547e-03 -2.778316073172375569e-02 4.148387515835619960e-02
7.311511875026819318e-01 -6.822118025901983129e-01 -2.235491008806439125e-03 3.103692434940786837e-01 -6.820875616373877071e-01 -7.309467353909450127e-01 -2.175840713110186245e-02 2.067806432435432759e-02 1.320981729551752755e-02 1.743348582333105121e-02 -9.997607585312930922e-01 5.888743052280920320e-01 0.000000000000000000e+00 0.000000000000000000e+00 0.000000000000000000e+00 1.000000000000000000e+00 3.903491115789405226e-03 2.737025563178375337e-02 4.807231340232949804e-03 1.270905518263673074e-02 -2.904910526215533431e-02 4.075670360314765511e-02
7.314070641608174661e-01 -6.819385726021991445e-01 -1.868071981823082699e-03 3.104213739363067548e-01 -6.818091420358811661e-01 -7.312088636174782774e-01 -2.167698326639780348e-02 2.096292948148570368e-02 1.341642023602442751e-02 1.712836724592738114e-02 -9.997632813339063507e-01 5.889360936260449320e-01 0.000000000000000000e+00 0.000000000000000000e+00 0.000000000000000000e+00 1.000000000000000000e+00 6.471330364975363264e-03 2.732051924174238450e-02 4.886332951736379118e-03 7.526851954010600320e-04 -3.373466570243709162e-02 3.660650294438787256e-02
7.316959345157085792e-01 -6.816296379904653868e-01 -1.447765924174947670e-03 3.104806573063311204e-01 -6.814940553737747209e-01 -7.315044922047393428e-01 -2.161088555549784546e-02 2.125587258460402001e-02 1.367157282065256316e-02 1.679924097313985690e-02 -9.997654092832658490e-01 5.890015082816019154e-01 0.000000000000000000e+00 0.000000000000000000e+00 0.000000000000000000e+00 1.000000000000000000e+00 5.996229582868286244e-03 2.895894910305858369e-02 4.820619011238344402e-03 3.826156144741770914e-03 -3.717132903957946072e-02 4.260240819893632014e-02
7.319832257924560048e-01 -6.813219081665732313e-01 -1.007278873977500953e-03 3.105476193470762536e-01 -6.811806754667898423e-01 -7.317997116094185905e-01 -2.149580096158013737e-02 2.156005471963810122e-02 1.390843373922556921e-02 1.642070463260950422e-02 -9.997684311530795620e-01 5.890618685102871899e-01 0.000000000000000000e+00 0.000000000000000000e+00 0.000000000000000000e+00 1.000000000000000000e+00 7.264869967673131916e-03 3.068100876384101394e-02 4.514638139725281329e-03 1.116793346649801871e-02 -4.213368823467272817e-02 4.360894624550058774e-02
7.322639306795282188e-01 -6.810207260647381800e-01 -5.536208308394765382e-04 3.106194572196003256e-01 -6.808735658349855946e-01 -7.320883017927503067e-01 -2.139873186333085542e-02 2.186033884888642295e-02 1.416768057654389269e-02 1.604646529501408195e-02 -9.997708676384892135e-01 5.891263174315981566e-01 0.000000000000000000e+00 0.000000000000000000e+00 0.000000000000000000e+00 1.000000000000000000e+00 6.877112449992740448e-03 3.036266459659522909e-02 6.844362579154992729e-03 9.107090239125446851e-03 -4.431741795621867153e-02 4.502643961963643388e-02
7.325308482265593391e-01 -6.807338116298335962e-01 -1.846629242159168391e-04 3.106873482389727048e-01 -6.805814164041461556e-01 -7.323610631716108710e-01 -2.135904481651867970e-02 2.213666861240852490e-02 1.440458405521400677e-02 1.577183737127376556e-02 -9.997718525264301936e-01 5.891734484259645299e-01 0.000000000000000000e+00 0.000000000000000000e+00 0.000000000000000000e+00 1.000000000000000000e+00 7.273656910777634606e-03 3.078692644255253547e-02 4.246116521184372869e-03 6.308866705827301767e-03 -3.780096218408979247e-02 4.732168094831047667e-02
7.328229114096010965e-01 -6.804193454203719682e-01 3.080436141302224026e-04 3.107796365856942411e-01 -6.802606393982675304e-01 -7.326616120047317882e-01 -2.127027926682121053e-02 2.247913382213186789e-02 1.469840122653540311e-02 1.537779803289643712e-02 -9.997737145619718380e-01 5.892341827391764930e-01 0.000000000000000000e+00 0.000000000000000000e+00 0.000000000000000000e+00 1.000000000000000000e+00 8.413661879600478621e-03 3.198762647098046807e-02 5.255361816788538774e-03 1.289389334519722499e-02 -4.365727283674626646e-02 4.709682554463064108e-02
7.330429278505002921e-01 -6.801820006704668575e-01 7.154664823119929670e-04 3.108702305811935629e-01 -6.800189374615859261e-01 -7.328894390125318958e-01 -2.114981979856933245e-02 2.276187985176457776e-02 1.491008457326469840e-02 1.501719507156249779e-02 -9.997760615408834983e-01 5.892726514712737229e-01 0.000000000000000000e+00 0.000000000000000000e+00 0.000000000000000000e+00 1.000000000000000000e+00 1.037509917931934283e-02 3.124344119105910977e-02 3.653624581433119814e-03 1.209156965211711197e-02 -4.149360339767087930e-02 3.732938056461860415e-02
7.333435353015955727e-01 -6.798571504214823147e-01 1.230549527338847988e-03 3.109917720709483024e-01 -6.796890620645982262e-01 -7.332002006201611133e-01 -2.098200944385765834e-02 2.312377313547928429e-02 1.516700831093570692e-02 1.455062992922894795e-02 -9.997790961145157640e-01 5.893175545030734375e-01 0.000000000000000000e+00 0.000000000000000000e+00 0.000000000000000000e+00 1.000000000000000000e+00 1.122072894155476397e-02 3.292797219044137080e-02 5.547641730242830471e-03 1.339085472266103929e-02 -5.379257903233222726e-02 4.215865695657772944e-02
7.336325169987788497e-01 -6.795444860512214191e-01 1.619098334789534008e-03 3.110982980463034009e-01 -6.793730063944030118e-01 -7.334970477105516862e-01 -2.084224514142024934e-02 2.342029270365291599e-02 1.535083661130116212e-02 1.419057705965158338e-02 -9.997814657904232627e-01 5.893444483450325233e-01 0.000000000000000000e+00 0.000000000000000000e+00 0.000000000000000000e+00 1.000000000000000000e+00 1.070729675843916026e-02 3.254787368445873075e-02 4.205747784389817119e-03 2.323066517971034486e-02 -4.406615134646864329e-02 4.637496124298270267e-02
7.339698712872697595e-01 -6.791787870073675570e-01 2.098409337886800868e-03 3.112349245851487867e-01 -6.790028919507052896e-01 -7.338437379555889928e-01 -2.069881605183836529e-02 2.379781733696292173e-02 1.559810133085209362e-02 1.376748134444505216e-02 -9.997835544218074411e-01 5.893848406026420683e-01 0.000000000000000000e+00 0.000000000000000000e+00 0.000000000000000000e+00 1.000000000000000000e+00 1.256618984382730682e-02 3.607913199892891221e-02 2.864173692001923018e-03 9.774368961145264365e-03 -4.011102647188083403e-02 4.687593756484664809e-02
7.342461503692936375e-01 -6.788784315508722411e-01 2.581829370938999897e-03 3.113728098842815095e-01 -6.786980872744634574e-01 -7.341293198981099222e-01 -2.056813058892814627e-02 2.414155679957999054e-02 1.585865687432543025e-02 1.334978804948810938e-02 -9.997851199938796452e-01 5.894253526637166507e-01 0.000000000000000000e+00 0.000000000000000000e+00 0.000000000000000000e+00 1.000000000000000000e+00 1.401500860929198733e-02 3.467702559754199526e-02 3.240184191164519664e-03 1.140140453951612488e-02 -4.616465841009304710e-02 4.437406092695347914e-02
7.345285493774129648e-01 -6.785709735453735458e-01 3.040396552719783034e-03 3.115246517445871000e-01 -6.783883877872570745e-01 -7.344220177578433262e-01 -2.033458010149465783e-02 2.449590601833709705e-02 1.603138998714011276e-02 1.287375990851612889e-02 -9.997886080771765105e-01 5.894556985928531834e-01 0.000000000000000000e+00 0.000000000000000000e+00 0.000000000000000000e+00 1.000000000000000000e+00 1.736604623797406016e-02 3.520490421095023859e-02 3.112387913203480162e-03 2.631843182654138719e-02 -4.871778763878827773e-02 4.472252857314003294e-02
7.348486007923334951e-01 -6.782220811521670889e-01 3.513196717092801485e-03 3.116944055972631911e-01 -6.780359372879430913e-01 -7.347514851497771726e-01 -2.018719436319263774e-02 2.486627930459944444e-02 1.627272747913496853e-02 1.245245790276412745e-02 -9.997900452757917389e-01 5.894861849344650295e-01 0.000000000000000000e+00 0.000000000000000000e+00 0.000000000000000000e+00 1.000000000000000000e+00 1.709333638189906510e-02 3.741911421515211472e-02 5.697493028170852458e-03 1.029275739447998300e-02 -5.363846968077688737e-02 5.332955042312569754e-02
7.351325578203039557e-01 -6.779117214853891404e-01 3.977474738302873639e-03 3.118712997366860362e-01 -6.777226181684200546e-01 -7.350449751003078624e-01 -2.002342135423848535e-02 2.522728171255265647e-02 1.649773486025709821e-02 1.202424436311360853e-02 -9.997915994305898169e-01 5.895192667008661846e-01 0.000000000000000000e+00 0.000000000000000000e+00 0.000000000000000000e+00 1.000000000000000000e+00 1.782273195283726186e-02 3.734020143091330152e-02 2.590836852748028447e-03 2.285740985693581959e-02 -4.367065925344240651e-02 4.839764659376875194e-02
7.354353655612645424e-01 -6.775799452534838618e-01 4.498985669553499933e-03 3.120601949098955608e-01 -6.773875887578522104e-01 -7.353583949333016845e-01 -1.985158930516440698e-02 2.559791557268317752e-02 1.675940567537866424e-02 1.155200378306077240e-02 -9.997928153022527242e-01 5.895580539804529119e-01 0.000000000000000000e+00 0.000000000000000000e+00 0.000000000000000000e+00 1.000000000000000000e+00 1.804161812292906508e-02 3.751527498346627493e-02 5.303549084087219243e-03 2.041968126930053529e-02 -5.380573213248253384e-02 4.637572519989343472e-02
7.357561983420322083e-01 -6.772274816336957270e-01 5.074910970847784294e-03 3.122667963192332086e-01 -6.770312084308959255e-01 -7.356905893078170555e-01 -1.970024402178191525e-02 2.598600698551290292e-02 1.707511088926831622e-02 1.105870354060436642e-02 -9.997930514182019612e-01 5.895899724087537708e-01 0.000000000000000000e+00 0.000000000000000000e+00 0.000000000000000000e+00 1.000000000000000000e+00 2.089087257799342179e-02 3.897022505163562356e-02 1.198436232385180315e-03 1.269075988858050022e-02 -5.025304268696524634e-02 5.099594454077287231e-02
7.360791903456478380e-01 -6.768716218212780245e-01 5.677421344952103544e-03 3.124880927162433375e-01 -6.766708946051472884e-01 -7.360251567710662801e-01 -1.958236437197365121e-02 2.639034557758498586e-02 1.743347166702696738e-02 1.057242513143656637e-02 -9.997921273407164300e-01 5.896193707519585825e-01 0.000000000000000000e+00 0.000000000000000000e+00 0.000000000000000000e+00 1.000000000000000000e+00 2.402000071476052129e-02 3.858739102853153691e-02 1.568101399114414825e-03 8.666187220364969870e-03 -5.725765816001035513e-02 5.145098523282327918e-02
7.364048932282688531e-01 -6.765122633436637667e-01 6.244259371234732459e-03 3.127167083673914050e-01 -6.763085324522939423e-01 -7.363623891186057424e-01 -1.942165862544406596e-02 2.680088320003505553e-02 1.773702798346582857e-02 1.007915855477476731e-02 -9.997918825441329815e-01 5.896413282303585301e-01 0.000000000000000000e+00 0.000000000000000000e+00 0.000000000000000000e+00 1.000000000000000000e+00 2.340880812913667328e-02 4.131069483024967653e-02 2.912118514295847227e-03 2.041929521114102877e-02 -5.898296599578085886e-02 4.873218969563787584e-02
7.367391873852848772e-01 -6.761428324409038959e-01 6.799993357485607792e-03 3.129553746762302469e-01 -6.759361087362015796e-01 -7.367078784520213475e-01 -1.928415757256908211e-02 2.722012010874124907e-02 1.804845360223471251e-02 9.611033529933418057e-03 -9.997909188210574172e-01 5.896657971981349444e-01 0.000000000000000000e+00 0.000000000000000000e+00 0.000000000000000000e+00 1.000000000000000000e+00 2.321210414814367864e-02 4.235310747345498450e-02 2.307681415056945205e-03 1.264511390702526342e-02 -5.418286131049810522e-02 4.794947065836483585e-02
7.370406617546120254e-01 -6.758085099054459421e-01 7.343082438879686841e-03 3.132014279764608888e-01 -6.755995397350851306e-01 -7.370206000818332326e-01 -1.912843341090383203e-02 2.763780117846839982e-02 1.833916110580184611e-02 9.137450103557792636e-03 -9.997900690522688594e-01 5.896926353157720957e-01 0.000000000000000000e+00 0.000000000000000000e+00 0.000000000000000000e+00 1.000000000000000000e+00 2.520066151004549115e-02 4.126145943846570158e-02 5.085870792991449563e-04 7.655796768480180835e-03 -4.765631811443148819e-02 5.179585608548363529e-02
7.373295063735405552e-01 -6.754882312669159283e-01 7.800541701988308874e-03 3.134610720164925368e-01 -6.752780316249051840e-01 -7.373191751132250893e-01 -1.897403528895937400e-02 2.807161605159008005e-02 1.856822651048152528e-02 8.722581627395937370e-03 -9.997895466216920601e-01 5.897087720403493272e-01 0.000000000000000000e+00 0.000000000000000000e+00 0.000000000000000000e+00 1.000000000000000000e+00 2.627093796178859436e-02 4.461392532519304482e-02 2.439541579957349438e-03 1.573911994866405983e-02 -4.763313954250322779e-02 4.294798472162476843e-02
7.376269988388013399e-01 -6.751582729628815560e-01 8.229036021431452436e-03 3.137300517104017472e-01 -6.749471540569472738e-01 -7.376258241745602406e-01 -1.882771205505358661e-02 2.851419485520747740e-02 1.878163503240291160e-02 8.333664294873047163e-03 -9.997888778261787568e-01 5.897248375682400123e-01 0.000000000000000000e+00 0.000000000000000000e+00 0.000000000000000000e+00 1.000000000000000000e+00 2.638725633001885035e-02 4.398194864746958477e-02 3.805152706872095159e-03 1.295133793102328131e-02 -4.666231262382899980e-02 4.553569041427213415e-02
7.379188168401116243e-01 -6.748338974997201145e-01 8.662017006845155673e-03 3.139745433575086286e-01 -6.746207529445503726e-01 -7.379263903620767451e-01 -1.874785597672568027e-02 2.891282881976359187e-02 1.904361966165343811e-02 7.990819265457789131e-03 -9.997867209348447748e-01 5.897643918406443309e-01 0.000000000000000000e+00 0.000000000000000000e+00 0.000000000000000000e+00 1.000000000000000000e+00 2.680553042189529750e-02 4.394298426319197953e-02 5.202590305248746411e-03 7.787264739324487386e-03 -4.895409196485233511e-02 5.278666688355185266e-02
7.381852766310433855e-01 -6.745371080087873006e-01 9.065720285331684697e-03 3.142271747336652377e-01 -6.743226871157319557e-01 -7.382012694290898125e-01 -1.864938214256139579e-02 2.931682347776866371e-02 1.927202651951503282e-02 7.653478452460236829e-03 -9.997849835146600528e-01 5.897986197287851118e-01 0.000000000000000000e+00 0.000000000000000000e+00 0.000000000000000000e+00 1.000000000000000000e+00 2.808065192201442822e-02 4.307134934785649544e-02 3.591010603663181890e-03 1.561956453963416099e-02 -4.229737189773070949e-02 3.967465022681389286e-02
7.385521445402698504e-01 -6.741293123937347476e-01 9.507889698496835296e-03 3.145845671990706860e-01 -6.739128933428291113e-01 -7.385771121519868476e-01 -1.858121609389139575e-02 2.986766252081480763e-02 1.954845214498983352e-02 7.315707538011178429e-03 -9.997821454906831162e-01 5.898360634391741630e-01 0.000000000000000000e+00 0.000000000000000000e+00 0.000000000000000000e+00 1.000000000000000000e+00 2.989158471302516551e-02 4.632826529467939936e-02 5.774176524396988294e-03 3.377881672372090843e-03 -4.095251227311103026e-02 5.139154918470568989e-02
