7.216291896585715904e-01 -6.922048287362900787e-01 -1.018762518335802891e-02 3.602477888611957946e-01 -6.922797850488134896e-01 -7.215533513048155712e-01 -1.046233403968108155e-02 -5.908138899636812373e-04 -1.088369507699785479e-04 1.460261260708528575e-02 -9.998933702448303817e-01 4.814073240179726487e-01 0.000000000000000000e+00 0.000000000000000000e+00 0.000000000000000000e+00 1.000000000000000000e+00 1.778672103140641612e-04 2.277279724295286074e-04 8.967073267185868149e-04 -1.462634121700075889e-07 -1.867457563499319356e-03 -1.601936698820580381e-03
7.216333164713237824e-01 -6.922012000045320024e-01 -1.014175876680845079e-02 3.602509310224357164e-01 -6.922754876403504065e-01 -7.215574773757690297e-01 -1.046212480482067858e-02 -5.915435271682907212e-04 -7.596652743786791451e-05 1.457070881606279192e-02 -9.998938387017314300e-01 4.814247564143761537e-01 0.000000000000000000e+00 0.000000000000000000e+00 0.000000000000000000e+00 1.000000000000000000e+00 3.351510363737516705e-04 1.236200654842002145e-04 9.937742218689878115e-04 -2.460524218299465376e-04 -2.670027575373428753e-03 1.238262075955257665e-03
7.216399237296036162e-01 -6.921952133829039067e-01 -1.008003220869330141e-02 3.602564108230665862e-01 -6.922686036084937378e-01 -7.215640623296794010e-01 -1.046347992957796444e-02 -5.882081222980827971e-04 -3.061826633677430104e-05 1.452895467976760696e-02 -9.998944486986788283e-01 4.814598365955229387e-01 0.000000000000000000e+00 0.000000000000000000e+00 0.000000000000000000e+00 1.000000000000000000e+00 4.785362169905657071e-04 5.941489244107913672e-04 2.626874995096314339e-03 -1.882925716481551959e-04 -4.259737946705086271e-03 2.697265095877677665e-03
7.216384481930813166e-01 -6.921979838204157520e-01 -9.995063002928961104e-03 3.602641115278636397e-01 -6.922701416360182991e-01 -7.215625394062751274e-01 -1.046674375412821531e-02 -5.866151125466028630e-04 3.299588185333088286e-05 1.447248840106228791e-02 -9.998952675109292754e-01 4.814967145260257708e-01 0.000000000000000000e+00 0.000000000000000000e+00 0.000000000000000000e+00 1.000000000000000000e+00 1.201381120677653264e-03 1.520717725574645494e-04 4.391088725492117359e-03 -8.828167002035638034e-05 -1.066436094456227335e-02 -1.090263121333462381e-04
7.216493124067222542e-01 -6.921878031790155150e-01 -9.915393744721778813e-03 3.602776937879970109e-01 -6.922588111374416986e-01 -7.215733916075550702e-01 -1.046799534512166292e-02 -5.801274628898573553e-04 9.113440812464224799e-05 1.441824032876459771e-02 -9.998960476171216971e-01 4.815346175292831155e-01 0.000000000000000000e+00 0.000000000000000000e+00 0.000000000000000000e+00 1.000000000000000000e+00 1.655838200330563090e-03 1.264693730616375670e-03 4.558736088489142094e-03 1.476344947640738841e-05 -9.368238943790107784e-03 1.569938955561724688e-03
7.216529284040124059e-01 -6.921854092426117377e-01 -9.818867427125288483e-03 3.602909756307964839e-01 -6.922550275904131301e-01 -7.215769016512384448e-01 -1.047624833588890053e-02 -5.774622373355227031e-04 1.664383059151548425e-04 1.435737563195311692e-02 -9.998969137182359690e-01 4.815772090136303252e-01 0.000000000000000000e+00 0.000000000000000000e+00 0.000000000000000000e+00 1.000000000000000000e+00 1.580179039875535731e-03 6.527685567899899500e-04 4.755630487472106357e-03 -9.017569668417235208e-04 -1.077968074439710627e-02 6.571718237393454117e-04
7.216607587738385066e-01 -6.921785230614578843e-01 -9.728384163172620891e-03 3.603039158097444128e-01 -6.922468432180898246e-01 -7.215845898030920358e-01 -1.048750748713692116e-02 -5.717589705006072970e-04 2.393753472125581885e-04 1.430286583738269585e-02 -9.998976801294625627e-01 4.816222823656141072e-01 0.000000000000000000e+00 0.000000000000000000e+00 0.000000000000000000e+00 1.000000000000000000e+00 1.776720241422503595e-03 -1.054335665371346122e-03 5.706815548667588424e-03 5.953608036746495811e-04 -1.143884451205213516e-02 -3.296487716272976116e-03
7.216745600673565297e-01 -6.921651779884177014e-01 -9.653793650663655690e-03 3.603123722917022653e-01 -6.922324306962152063e-01 -7.215982240546428006e-01 -1.050071109951307077e-02 -5.626760858805941040e-04 3.020662134905092652e-04 1.426076510737411644e-02 -9.998982644922206342e-01 4.816569455544676415e-01 0.000000000000000000e+00 0.000000000000000000e+00 0.000000000000000000e+00 1.000000000000000000e+00 8.953648928686929907e-04 8.386904262353723095e-04 4.620533963829919974e-03 -1.822342362612580820e-03 -9.963323741986523929e-03 1.827242108786535091e-04
7.216911569783041047e-01 -6.921490706078347044e-01 -9.567549112880990858e-03 3.603255466433206156e-01 -6.922150930927003509e-01 -7.216146741364501960e-01 -1.051318056579659925e-02 -5.526980896159842428e-04 3.726043223722195347e-04 1.421007134589360663e-02 -9.998989624148851840e-01 4.816954419800640874e-01 0.000000000000000000e+00 0.000000000000000000e+00 0.000000000000000000e+00 1.000000000000000000e+00 1.447864371045046346e-03 2.014572636269390538e-03 4.559546734380031004e-03 -2.509904056630842678e-03 -1.070575926552246905e-02 3.353427547774429085e-03
7.217042116192325940e-01 -6.921367473746062871e-01 -9.473851632900931463e-03 3.603399137998478663e-01 -6.922014352612965160e-01 -7.216275299618704064e-01 -1.053000585617721793e-02 -5.442085021305125350e-04 4.516118500544818656e-04 1.415736327252492890e-02 -9.998996775236537182e-01 4.817402992681585894e-01 0.000000000000000000e+00 0.000000000000000000e+00 0.000000000000000000e+00 1.000000000000000000e+00 1.789384397465046319e-03 7.836707023027567314e-04 5.311179993228626155e-03 -1.532821192843876685e-03 -1.143538009620333716e-02 1.529098763256307551e-03
7.217209387853692482e-01 -6.921206988729536880e-01 -9.371483894208887389e-03 3.603583230830435524e-01 -6.921839372358117304e-01 -7.216441592923905635e-01 -1.054060680932672120e-02 -5.347853929378932388e-04 5.324955352575926060e-04 1.409416726143031262e-02 -9.999005305017651946e-01 4.817956552099242895e-01 0.000000000000000000e+00 0.000000000000000000e+00 0.000000000000000000e+00 1.000000000000000000e+00 1.619532061219840745e-03 9.957179570047756858e-04 5.453423834011741390e-03 -1.429507031425853022e-03 -1.018767931923607491e-02 3.091979345421188956e-03
7.217361843591797443e-01 -6.921059759726380101e-01 -9.284299091183167985e-03 3.603748963371196656e-01 -6.921679766596481320e-01 -7.216591505549918573e-01 -1.056231542495594290e-02 -5.233466175488311369e-04 6.101422300782647495e-04 1.404949974945305866e-02 -9.999011147524784482e-01 4.818364211251918716e-01 0.000000000000000000e+00 0.000000000000000000e+00 0.000000000000000000e+00 1.000000000000000000e+00 1.834872283698195774e-03 5.006889405879075836e-04 4.543767726164688048e-03 -1.898980126678880258e-03 -9.537815085406735338e-03 1.463323101852396406e-03
7.217616114060771970e-01 -6.920810850402263625e-01 -9.162315757818728645e-03 3.603941824316058140e-01 -6.921413642930031029e-01 -7.216843535785267827e-01 -1.058421629429374261e-02 -5.088707845716100705e-04 7.128359722915651731e-04 1.398089873673977884e-02 -9.999020083665146608e-01 4.818927370506906893e-01 0.000000000000000000e+00 0.000000000000000000e+00 0.000000000000000000e+00 1.000000000000000000e+00 1.291191838146053122e-03 -3.919113379164954536e-04 3.357371693434810928e-03 -5.943396988597830213e-04 -7.581925282630627011e-03 2.165955214220128839e-03
7.217755653207057476e-01 -6.920677407103897893e-01 -9.070588403874535466e-03 3.604070135160560850e-01 -6.921267302405075261e-01 -7.216981703342464360e-01 -1.059906707142221904e-02 -4.954428039289803702e-04 7.890453468257516492e-04 1.392814432067901453e-02 -9.999026873667372639e-01 4.819367096385401283e-01 0.000000000000000000e+00 0.000000000000000000e+00 0.000000000000000000e+00 1.000000000000000000e+00 1.059652370050884369e-03 1.956260961121996690e-03 3.079939835079018810e-03 -2.725020480320197551e-03 -5.983740457747039471e-03 2.694938517424946660e-03
7.217864513680034566e-01 -6.920579327391882529e-01 -8.951891104449161141e-03 3.604269971996765243e-01 -6.921152657859463986e-01 -7.217090110472086373e-01 -1.060953530126054929e-02 -4.916670699804489468e-04 8.817525919194999298e-04 1.385355932680310508e-02 -9.999036460611319121e-01 4.819979120400523787e-01 0.000000000000000000e+00 0.000000000000000000e+00 0.000000000000000000e+00 1.000000000000000000e+00 3.934803168181063432e-05 -4.766931769729791158e-04 2.920379274376556054e-03 1.495299142740364406e-04 2.285514890082899087e-03 -4.071540297899980086e-04
7.218040614808832744e-01 -6.920410759130309897e-01 -8.834369181531354087e-03 3.604427673810378652e-01 -6.920967731212142038e-01 -7.217265277287620018e-01 -1.062430269650780149e-02 -4.804781686095843055e-04 9.764552748564329573e-04 1.378290323984092056e-02 -9.999045344998577223e-01 4.820457675679764020e-01 0.000000000000000000e+00 0.000000000000000000e+00 0.000000000000000000e+00 1.000000000000000000e+00 1.268079320108851183e-03 3.544751122397759961e-04 4.117762314713853573e-03 -9.883766035426100793e-05 -8.930267142159732316e-03 2.565770069532328015e-03
7.218147752108809989e-01 -6.920310825756782469e-01 -8.741340652335283234e-03 3.604579869225830735e-01 -6.920854882093531169e-01 -7.217371600781841146e-01 -1.063714117134343003e-02 -4.703867716822690754e-04 1.052281942622616644e-03 1.372780067645543341e-02 -9.999052156036093431e-01 4.820933393046198390e-01 0.000000000000000000e+00 0.000000000000000000e+00 0.000000000000000000e+00 1.000000000000000000e+00 1.483260180309288467e-03 4.467030158333812052e-05 5.171994468165097905e-03 7.904550419796117289e-05 -1.044098219211218870e-02 -9.871966013513156120e-04
7.218403117675193936e-01 -6.920056026739864752e-01 -8.649287553493922864e-03 3.604723284090917135e-01 -6.920587235658796077e-01 -7.217624739671930634e-01 -1.066087750245184318e-02 -4.531995248238829157e-04 1.134655778454233405e-03 1.368126604411049746e-02 -9.999057633175709725e-01 4.821374803524432484e-01 0.000000000000000000e+00 0.000000000000000000e+00 0.000000000000000000e+00 1.000000000000000000e+00 1.864846159396381592e-03 1.578855849980721326e-03 4.757867735847300453e-03 -1.193077018337859079e-03 -9.211534742293799732e-03 3.146275411779574007e-03
7.218548235859588713e-01 -6.919914553751977948e-01 -8.569676388281211032e-03 3.604820800986602292e-01 -6.920434660829544171e-01 -7.217767982547345085e-01 -1.068150518583447714e-02 -4.424931599275216043e-04 1.206116733530486484e-03 1.364108459250845673e-02 -9.999062286502496955e-01 4.821777367814608084e-01 0.000000000000000000e+00 0.000000000000000000e+00 0.000000000000000000e+00 1.000000000000000000e+00 1.259651759265351849e-03 9.432202927972707348e-04 4.327522584047396696e-03 -1.382155630268935712e-03 -9.220156370726314415e-03 6.667226324376372172e-04
7.218858715079805588e-01 -6.919599656156786294e-01 -8.496734802988958890e-03 3.604925222288806741e-01 -6.920109443980473340e-01 -7.218074864958421433e-01 -1.071472220253945860e-02 -4.216088891297142642e-04 1.281152015283520788e-03 1.361464005046227228e-02 -9.999064957413820176e-01 4.822153017821067533e-01 0.000000000000000000e+00 0.000000000000000000e+00 0.000000000000000000e+00 1.000000000000000000e+00 2.604549683037419541e-04 1.992462859650706054e-03 4.113032139613493482e-03 -3.856593130972632653e-03 -1.080985160473990972e-02 1.703172748905087876e-03
7.219253461424748330e-01 -6.919197604936154766e-01 -8.416628512992907485e-03 3.605011465061589426e-01 -6.919696202323142309e-01 -7.218467162075233867e-01 -1.074071580305898180e-02 -4.002046281347418984e-04 1.356197852339947711e-03 1.357804620971354501e-02 -9.999068943599258574e-01 4.822468318173617208e-01 0.000000000000000000e+00 0.000000000000000000e+00 0.000000000000000000e+00 1.000000000000000000e+00 1.060606545731008305e-03 2.383495039173205276e-03 3.175046342894275418e-03 -3.425424758613111829e-03 -7.485169149347650416e-03 7.206431174398519185e-03
7.219494151953830263e-01 -6.918954231400989974e-01 -8.352564685633445674e-03 3.605100198649011101e-01 -6.919443784834414801e-01 -7.218705048072966424e-01 -1.076807199190065248e-02 -3.804730979042452452e-04 1.420909641185342381e-03 1.355351345747783133e-02 -9.999071373326372525e-01 4.822810293313836150e-01 0.000000000000000000e+00 0.000000000000000000e+00 0.000000000000000000e+00 1.000000000000000000e+00 8.226790063212395001e-05 2.584379744529853497e-03 3.046254355593326895e-03 -4.278742813528474929e-03 -6.923861054143035446e-03 4.656130904184493415e-03
7.219932190824812634e-01 -6.918508202349561431e-01 -8.260395821924670923e-03 3.605228716796665123e-01 -6.918984692904084355e-01 -7.219138620144125440e-01 -1.081129155214793393e-02 -3.504027175376978076e-04 1.516506678579498078e-03 1.352103441509703262e-02 -9.999074366339313347e-01 4.823224962798711712e-01 0.000000000000000000e+00 0.000000000000000000e+00 0.000000000000000000e+00 1.000000000000000000e+00 7.720631135167824784e-04 2.886106044794646552e-03 1.578243635034501987e-03 -4.233795551286696247e-03 -3.966258670732705771e-03 4.514443438601752935e-03
7.220365318778739772e-01 -6.918067251528706718e-01 -8.167108853972260274e-03 3.605378230903791836e-01 -6.918530469826562612e-01 -7.219567008385467943e-01 -1.085741659584148894e-02 -3.229042561921301700e-04 1.614934855186460870e-03 1.348989056967437455e-02 -9.999077031595625664e-01 4.823638846381549383e-01 0.000000000000000000e+00 0.000000000000000000e+00 0.000000000000000000e+00 1.000000000000000000e+00 1.535425207378628143e-03 1.740427626139906753e-03 2.851208338530265927e-03 -2.720985785351734149e-03 -5.529322875994399124e-03 3.939780257706046972e-03
7.220715500275735055e-01 -6.917714086565679432e-01 -8.061935628906946594e-03 3.605516174201381929e-01 -6.918162599859846162e-01 -7.219914259239793575e-01 -1.089235104390063463e-02 -3.011145004913982209e-04 1.714368624799162029e-03 1.344243495675191517e-02 -9.999081767255689757e-01 4.824096349083697999e-01 0.000000000000000000e+00 0.000000000000000000e+00 0.000000000000000000e+00 1.000000000000000000e+00 1.261423249499011526e-03 3.773870413068174199e-03 3.714119519271557712e-03 -6.225047001555535260e-03 -7.929835675881614226e-03 1.024104393805463920e-02
7.221039814772231002e-01 -6.917387784091422187e-01 -7.956279266704224806e-03 3.605689573187762509e-01 -6.917821559153053412e-01 -7.220235912165082759e-01 -1.092622917518747822e-02 -2.761660773463649340e-04 1.813475093395321147e-03 1.339388561412032871e-02 -9.999086533960197531e-01 4.824596861473407494e-01 0.000000000000000000e+00 0.000000000000000000e+00 0.000000000000000000e+00 1.000000000000000000e+00 1.743090198068970821e-03 2.716892870248803406e-03 4.269382262994366253e-03 -3.402432735655363388e-03 -8.629751200948641149e-03 6.399145164164885859e-03
7.221276676832193431e-01 -6.917153769622533810e-01 -7.840206652988235270e-03 3.605848307098885042e-01 -6.917571486550748716e-01 -7.220470860067101926e-01 -1.095686423295202418e-02 -2.585551905652582827e-04 1.918033105740036930e-03 1.333577381280104390e-02 -9.999092350237690496e-01 4.825139008832443066e-01 0.000000000000000000e+00 0.000000000000000000e+00 0.000000000000000000e+00 1.000000000000000000e+00 1.792388135936191567e-03 2.229184571826084253e-03 5.942313453874143413e-03 -3.860534003584465725e-03 -1.237384166455943874e-02 4.901222470111108245e-03
7.221617073837401923e-01 -6.916815895454121454e-01 -7.684209297863064947e-03 3.606077006609648694e-01 -6.917212189921821963e-01 -7.220809552375793139e-01 -1.099314691772378463e-02 -2.337485091986607065e-04 2.055136144110987842e-03 1.325416037013260606e-02 -9.999100477784550467e-01 4.825825514200384747e-01 0.000000000000000000e+00 0.000000000000000000e+00 0.000000000000000000e+00 1.000000000000000000e+00 1.688217591474689425e-03 1.957348363244080895e-03 5.339829102458399333e-03 -2.635218470493932378e-03 -1.117796632000020961e-02 3.250235077266891426e-03
7.221938519508833698e-01 -6.916498458959257079e-01 -7.518701782050718485e-03 3.606332172238589928e-01 -6.916872309293555787e-01 -7.221130674614344436e-01 -1.102235776582335784e-02 -2.167044856915320951e-04 2.194259242977107671e-03 1.316086902829095850e-02 -9.999109844145099846e-01 4.826582983266078375e-01 0.000000000000000000e+00 0.000000000000000000e+00 0.000000000000000000e+00 1.000000000000000000e+00 1.845703371835065096e-03 1.320287219062311326e-03 5.232151495528741293e-03 -3.310660460405987198e-03 -1.164078791507917529e-02 5.466964614300037426e-03
7.222120315191568052e-01 -6.916325220331756007e-01 -7.364509148725384424e-03 3.606582952512595863e-01 -6.916678291631981335e-01 -7.221312630311865766e-01 -1.104776238214941544e-02 -2.016493496166935127e-04 2.322849466015354004e-03 1.307262096950454616e-02 -9.999118515906021409e-01 4.827335427175666882e-01 0.000000000000000000e+00 0.000000000000000000e+00 0.000000000000000000e+00 1.000000000000000000e+00 2.404580101512660169e-03 1.297909760898752511e-03 7.539126277246290322e-03 -3.577985733660027368e-03 -1.529377519143953340e-02 4.133963053789710580e-03
7.222329642226251734e-01 -6.916126609673682868e-01 -7.174439339518889902e-03 3.606895492122045299e-01 -6.916454592064964491e-01 -7.221524468214475245e-01 -1.106355769321992061e-02 -1.879321826673053023e-04 2.470657652368166667e-03 1.295263445915299100e-02 -9.999130587762778966e-01 4.828234081294994207e-01 0.000000000000000000e+00 0.000000000000000000e+00 0.000000000000000000e+00 1.000000000000000000e+00 2.619734809975002299e-03 1.363033498049302144e-03 8.484585259581296779e-03 -1.915686616194744530e-03 -1.785109914294825961e-02 4.365646382421635094e-03
7.222427038229817242e-01 -6.916040301365382614e-01 -7.024405552550017084e-03 3.607132041164169967e-01 -6.916348732706959490e-01 -7.221624633542939042e-01 -1.107152193180421101e-02 -1.777794396277316592e-04 2.584347170351801969e-03 1.285464977960158392e-02 -9.999140358694574848e-01 4.828951263535208871e-01 0.000000000000000000e+00 0.000000000000000000e+00 0.000000000000000000e+00 1.000000000000000000e+00 2.343046870490560381e-03 1.413760189089034811e-03 7.541698158157935858e-03 -1.869836929767420327e-03 -1.601553495684594763e-02 1.811031799701869017e-03
7.222837931663482758e-01 -6.915626611221677988e-01 -6.870798414869372372e-03 3.607362339421635866e-01 -6.915914536996444761e-01 -7.222035413252214653e-01 -1.110432649564302432e-02 -1.514194683955943596e-04 2.717222634345958614e-03 1.277226052564730228e-02 -9.999147393964249453e-01 4.829674575213181997e-01 0.000000000000000000e+00 0.000000000000000000e+00 0.000000000000000000e+00 1.000000000000000000e+00 1.908524253875803177e-03 1.326809810831891187e-03 6.865715329841170535e-03 -1.952810142233781096e-03 -1.476341457581121543e-02 2.741510760188802052e-03
7.223315541187294020e-01 -6.915144476664812911e-01 -6.700342748147403160e-03 3.607619660748069279e-01 -6.915409499044899988e-01 -7.222512068192099566e-01 -1.114938802760918543e-02 -1.224596209014129676e-04 2.870632267779731246e-03 1.268711617019512364e-02 -9.999153946978049934e-01 4.830481139766071297e-01 0.000000000000000000e+00 0.000000000000000000e+00 0.000000000000000000e+00 1.000000000000000000e+00 2.314289944548230185e-03 1.588798463412112493e-03 7.477710404272692839e-03 -3.010834118803801859e-03 -1.505254742645710520e-02 4.698401381888357362e-03
7.223727001187334462e-01 -6.914727508848260706e-01 -6.566346544409962238e-03 3.607815036984622914e-01 -6.914974394113494460e-01 -7.222922186317596305e-01 -1.119116578185941346e-02 -9.018743822077652931e-05 2.995565174923458043e-03 1.262480446506534897e-02 -9.999158169073542046e-01 4.831125578792272446e-01 0.000000000000000000e+00 0.000000000000000000e+00 0.000000000000000000e+00 1.000000000000000000e+00 2.047775419672943908e-03 4.697745916494733102e-03 6.884105409912162112e-03 -5.537057756357079141e-03 -1.518543262896761628e-02 8.011787610330559778e-03
7.224295795425227373e-01 -6.914149220188517964e-01 -6.395952757673517564e-03 3.608084948064534392e-01 -6.914373312975810038e-01 -7.223490431350513274e-01 -1.123729371132622251e-02 -5.657419285926826633e-05 3.149522200676997674e-03 1.254055387694051268e-02 -9.999164040150390065e-01 4.831903907893790318e-01 0.000000000000000000e+00 0.000000000000000000e+00 0.000000000000000000e+00 1.000000000000000000e+00 2.797950240714440571e-03 3.491198825234996701e-03 8.116319762637278293e-03 -4.923356551738209200e-03 -1.715582189894253665e-02 1.004669417057447479e-02
7.224820204630808540e-01 -6.913615928027847524e-01 -6.235230932454871589e-03 3.608327868761348478e-01 -6.913818528645420125e-01 -7.224014374993393828e-01 -1.128258075446177122e-02 -1.742243969661719336e-05 3.296003212585013435e-03 1.246238725464034192e-02 -9.999169091813268073e-01 4.832656010801014701e-01 0.000000000000000000e+00 0.000000000000000000e+00 0.000000000000000000e+00 1.000000000000000000e+00 2.065620134459262083e-03 3.483980403431769565e-03 6.591365503066225900e-03 -3.704153954661237608e-03 -1.401581480286422966e-02 7.313578373184359549e-03
7.225530093689557232e-01 -6.912889140968597745e-01 -6.065137974559930978e-03 3.608599967360198724e-01 -6.913068635044824495e-01 -7.224722477407964361e-01 -1.134335558624944423e-02 3.092094563902723626e-05 3.459642100094486271e-03 1.238904722510170663e-02 -9.999172677703859202e-01 4.833448875756541918e-01 0.000000000000000000e+00 0.000000000000000000e+00 0.000000000000000000e+00 1.000000000000000000e+00 2.065946344362033608e-03 5.173508673139271159e-03 6.697475283822251768e-03 -5.676387272940367976e-03 -1.407979609196971862e-02 1.213603091376968049e-02
7.226276390620560708e-01 -6.912123775830698591e-01 -5.894432929348381034e-03 3.608859124086538639e-01 -6.912280114104946138e-01 -7.225467318960488994e-01 -1.140423026041411693e-02 8.521132983174577234e-05 3.623741863324448156e-03 1.231540914054918105e-02 -9.999175962011115359e-01 4.834250849900399438e-01 0.000000000000000000e+00 0.000000000000000000e+00 0.000000000000000000e+00 1.000000000000000000e+00 2.731439911798969663e-03 6.888317304214355667e-03 8.660033537141974269e-03 -5.109340424753151463e-03 -1.921691904632476938e-02 1.378680006258766431e-02
7.227271493574037864e-01 -6.911101835031110419e-01 -5.672904019711544343e-03 3.609208306131307387e-01 -6.911228130064647202e-01 -7.226460902700873046e-01 -1.148414382476707282e-02 1.591331669633613995e-04 3.837306835788845648e-03 1.222057591330309549e-02 -9.999179629352575871e-01 4.835257309236802858e-01 0.000000000000000000e+00 0.000000000000000000e+00 0.000000000000000000e+00 1.000000000000000000e+00 2.379769387540151774e-03 6.325621205486064817e-03 6.519673608194428115e-03 -1.964268490473830304e-03 -1.391238940813412442e-02 1.097610948481326371e-02
7.227932694070643427e-01 -6.910426903976001345e-01 -5.467151716700202613e-03 3.609538778659674430e-01 -6.910525449174212964e-01 -7.227121624896626351e-01 -1.155466800349118882e-02 2.350134029546334271e-04 4.033591823948091612e-03 1.212972537043196727e-02 -9.999182966119960492e-01 4.836249787121613131e-01 0.000000000000000000e+00 0.000000000000000000e+00 0.000000000000000000e+00 1.000000000000000000e+00 4.749571513402267055e-03 8.168509470638405864e-03 8.707460572412421482e-03 -9.375317687303999503e-03 -1.838814584599375232e-02 8.860418265305711541e-03
7.228694403600157692e-01 -6.909645197067215694e-01 -5.273016220071924387e-03 3.609844508452056955e-01 -6.909717391800914710e-01 -7.227882660204538734e-01 -1.162661419267025167e-02 3.123892814298090837e-04 4.222303641050122874e-03 1.204802928304540138e-02 -9.999185052504815374e-01 4.837165956751670604e-01 0.000000000000000000e+00 0.000000000000000000e+00 0.000000000000000000e+00 1.000000000000000000e+00 3.665120718805950969e-03 8.620869322495961981e-03 9.385149837622902211e-03 -1.053987381097170641e-02 -1.983652506693553072e-02 8.191163786080743470e-03
7.229763463508589449e-01 -6.908545765090347013e-01 -5.015648879800105320e-03 3.610248028894840200e-01 -6.908583931876466355e-01 -7.228953783254360443e-01 -1.170267310950963077e-02 4.089645940356238557e-04 4.459055880583346655e-03 1.192585897314378876e-02 -9.999189420690094421e-01 4.838321421622701624e-01 0.000000000000000000e+00 0.000000000000000000e+00 0.000000000000000000e+00 1.000000000000000000e+00 3.995949238880122656e-03 8.224044447112475315e-03 1.097216425621000066e-02 -8.422105777446385090e-04 -2.561504666153249440e-02 1.051895529285974337e-02
7.230984128082139639e-01 -6.907284075268600443e-01 -4.790869404385444952e-03 3.610611493474772393e-01 -6.907291907590389357e-01 -7.230174900555103035e-01 -1.178533441159570171e-02 5.073311095855584808e-04 4.676582898350621631e-03 1.183114995416215988e-02 -9.999190734570259087e-01 4.839394908074582946e-01 0.000000000000000000e+00 0.000000000000000000e+00 0.000000000000000000e+00 1.000000000000000000e+00 3.332249420809560610e-03 1.040850838038556887e-02 8.835363818592272683e-03 -7.309851583700956515e-03 -1.781372316468000580e-02 1.912948374573965327e-02
7.231455485129949512e-01 -6.906805325115971117e-01 -4.573584517223339141e-03 3.610934334790419920e-01 -6.906785255369991550e-01 -7.230650772395312842e-01 -1.183505127268957499e-02 5.886637999929386590e-04 4.867240273115643057e-03 1.171734125504320448e-02 -9.999195037031913813e-01 4.840360515511540340e-01 0.000000000000000000e+00 0.000000000000000000e+00 0.000000000000000000e+00 1.000000000000000000e+00 3.553233377631677924e-03 8.740903039673415115e-03 1.027576791222394904e-02 -4.130401089239781921e-03 -2.225306314519221937e-02 -3.853757453589623516e-04
7.232405198845213157e-01 -6.905828503746035407e-01 -4.298507375320004265e-03 3.611358450165184086e-01 -6.905772253901688584e-01 -7.231604345178108684e-01 -1.191980370756964488e-02 6.873504656368384239e-04 5.123101558964813368e-03 1.158933632695174562e-02 -9.999197173343056244e-01 4.841544263980976925e-01 0.000000000000000000e+00 0.000000000000000000e+00 0.000000000000000000e+00 1.000000000000000000e+00 4.002172086340950036e-03 9.961049665325228536e-03 1.180459432690709499e-02 -1.163389744571832925e-02 -2.437272773024250563e-02 2.349397940790715414e-02
7.233182284083462532e-01 -6.905033710440761086e-01 -3.979325191333094036e-03 3.611815757130912852e-01 -6.904935331313426516e-01 -7.232386334881585332e-01 -1.202329962931837117e-02 7.673481767439488486e-04 5.424127211532600405e-03 1.144437009834341212e-02 -9.999197994024545677e-01 4.842664409380061930e-01 0.000000000000000000e+00 0.000000000000000000e+00 0.000000000000000000e+00 1.000000000000000000e+00 3.896803452082828537e-03 7.329118158044678824e-03 9.546701330243909794e-03 -7.463148462315069218e-03 -2.700574724801895268e-02 8.108234441944315099e-03
7.233725685196031874e-01 -6.904480872218563547e-01 -3.683200379001161373e-03 3.612200499697796885e-01 -6.904346130324183761e-01 -7.232940458638170700e-01 -1.207345620463022226e-02 8.367705043575673473e-04 5.672057838788839915e-03 1.127661605404887621e-02 -9.999203296714407330e-01 4.843635639443548691e-01 0.000000000000000000e+00 0.000000000000000000e+00 0.000000000000000000e+00 1.000000000000000000e+00 4.108738655224880229e-03 9.577742389925914673e-03 1.010745771215020711e-02 -6.080639909051744132e-03 -3.169793464147119960e-02 1.619403241498101539e-02
7.234370447335046750e-01 -6.903821758256184493e-01 -3.360596604497279039e-03 3.612664902150117263e-01 -6.903646012831586853e-01 -7.233594437284769363e-01 -1.215863742257739313e-02 9.058175737841009118e-04 5.963187268448843885e-03 1.111604565991285674e-02 -9.999204337978538915e-01 4.844815647631673383e-01 0.000000000000000000e+00 0.000000000000000000e+00 0.000000000000000000e+00 1.000000000000000000e+00 4.966957449913275181e-03 4.773613054039975087e-03 1.185740400561035093e-02 -4.931558423896672053e-03 -3.289721034871496974e-02 6.067569531738603757e-03
7.235338616843844939e-01 -6.902822282361208428e-01 -3.032552960392287389e-03 3.613137470058852552e-01 -6.902604298532999394e-01 -7.234571574056783971e-01 -1.225888972267639120e-02 9.784295592263608093e-04 6.268171569062260320e-03 1.096297313100443906e-02 -9.999202584432969054e-01 4.846067165275502742e-01 0.000000000000000000e+00 0.000000000000000000e+00 0.000000000000000000e+00 1.000000000000000000e+00 4.818030649346241763e-03 6.144952818742436228e-03 1.339372759238001594e-02 -9.476606487051722136e-03 -3.091284864929837520e-02 1.140403738496072530e-02
7.236105530138093878e-01 -6.902030043803115689e-01 -2.753236539165981878e-03 3.613529950156336712e-01 -6.901777433489535429e-01 -7.235349005799314170e-01 -1.232599807458849804e-02 1.034924452508688723e-03 6.515378177428417933e-03 1.081944486470760164e-02 -9.999202415493069207e-01 4.847185386003152741e-01 0.000000000000000000e+00 0.000000000000000000e+00 0.000000000000000000e+00 1.000000000000000000e+00 4.197198677589178417e-03 5.695317330532537192e-03 1.114181557739766550e-02 -4.119956094917086482e-03 -2.738616498513862449e-02 1.166979897047614595e-02
7.236922138982226915e-01 -6.901187605870433561e-01 -2.382399817952463028e-03 3.614062196783464076e-01 -6.900891191187453755e-01 -7.236183638595463652e-01 -1.238834771659988281e-02 1.102877591816344349e-03 6.825482913575235330e-03 1.060941897732659879e-02 -9.999204233397578356e-01 4.848581745804935172e-01 0.000000000000000000e+00 0.000000000000000000e+00 0.000000000000000000e+00 1.000000000000000000e+00 4.633506032930148101e-03 6.225204293604777450e-03 1.352045745255318378e-02 -5.149942616980431390e-03 -3.374305240192421174e-02 1.223175838319794963e-02
7.237593107847563045e-01 -6.900493332568281568e-01 -2.092301168938826006e-03 3.614485109368251736e-01 -6.900162363206063798e-01 -7.236868564677123583e-01 -1.244698316161376231e-02 1.160233895076486768e-03 7.074861575997413825e-03 1.045234173223948126e-02 -9.999203442704787115e-01 4.849731239341499300e-01 0.000000000000000000e+00 0.000000000000000000e+00 0.000000000000000000e+00 1.000000000000000000e+00 4.130668342806645583e-03 6.765637069098356937e-03 1.245168188445435441e-02 -6.809317795872866369e-03 -3.023282309802401840e-02 8.772869578098817928e-03
7.238554028489458947e-01 -6.899494862862310951e-01 -1.749897070054629022e-03 3.614998383021693629e-01 -6.899123966435459776e-01 -7.237847613991018614e-01 -1.251016083044287179e-02 1.234461446934082907e-03 7.364830204999721353e-03 1.026282318910623319e-02 -9.999202136851922385e-01 4.851240696427191468e-01 0.000000000000000000e+00 0.000000000000000000e+00 0.000000000000000000e+00 1.000000000000000000e+00 4.938853447469315067e-03 6.203918961492443929e-03 1.518890854568127891e-02 -1.558675387624185388e-03 -3.250788749194972321e-02 9.868748134183143866e-03
7.239479068851190080e-01 -6.898530341848041481e-01 -1.489745842201295467e-03 3.615406484249142904e-01 -6.898128360409760962e-01 -7.238785718310934980e-01 -1.257236958101475184e-02 1.299891512122258730e-03 7.594692209711757618e-03 1.012938644715091242e-02 -9.999198548786017993e-01 4.852480790920651876e-01 0.000000000000000000e+00 0.000000000000000000e+00 0.000000000000000000e+00 1.000000000000000000e+00 4.628656546826833036e-03 7.147590889241553329e-03 1.305897336308864225e-02 -7.227463447112839751e-03 -2.700253662508411007e-02 1.482584500274028091e-02
7.240294038119786668e-01 -6.897681210480448577e-01 -1.166876823342155589e-03 3.615905951095546023e-01 -6.897243389386091827e-01 -7.239621013362615987e-01 -1.261792789973956511e-02 1.379074272747813149e-03 7.858669821895654384e-03 9.940574160193451150e-03 -9.999197099237498998e-01 4.854040827399675462e-01 0.000000000000000000e+00 0.000000000000000000e+00 0.000000000000000000e+00 1.000000000000000000e+00 4.987267565507522843e-03 5.639389549969169892e-03 1.437038095852889025e-02 7.205491288922906933e-03 -3.026568965183413021e-02 3.174492832747693831e-03
7.241242376093119937e-01 -6.896690122054301986e-01 -8.614582513989943457e-04 3.616399238534487859e-01 -6.896217630478879146e-01 -7.240587941995525467e-01 -1.267621682573729161e-02 1.455804019235451118e-03 8.118647513946909006e-03 9.773236202829244101e-03 -9.999192824506727417e-01 4.855484373954176425e-01 0.000000000000000000e+00 0.000000000000000000e+00 0.000000000000000000e+00 1.000000000000000000e+00 4.774457008490530507e-03 8.133309237182950388e-03 1.250881027440614059e-02 -6.936301856848655148e-03 -2.645532718944329856e-02 1.583241357112774930e-02
7.242072405452398831e-01 -6.895821677112555781e-01 -5.538199122356868287e-04 3.616866345310925102e-01 -6.895314182179095308e-01 -7.241437109885922041e-01 -1.274005989265840529e-02 1.537098544994299236e-03 8.384272911084881055e-03 9.608319848764415236e-03 -9.999186887729603068e-01 4.856971442408037354e-01 0.000000000000000000e+00 0.000000000000000000e+00 0.000000000000000000e+00 1.000000000000000000e+00 4.240895877267186580e-03 7.080249453750885220e-03 1.302327382710240927e-02 -8.136615210131080758e-03 -2.641414992668657605e-02 7.032392449136789549e-03
7.242777248077176822e-01 -6.895083192098363511e-01 -2.347078664092228095e-04 3.617356618611913266e-01 -6.894546222480193443e-01 -7.242169864573685389e-01 -1.273107958693044627e-02 1.629135158433228647e-03 8.608205864002285365e-03 9.382657780941824205e-03 -9.999189289761288846e-01 4.858477191575860665e-01 0.000000000000000000e+00 0.000000000000000000e+00 0.000000000000000000e+00 1.000000000000000000e+00 5.376257374657428083e-03 9.790904369726925738e-03 1.626929680318743576e-02 -1.941656207027269506e-04 -3.389733356908310180e-02 9.712725494496560197e-03
7.243822785655910090e-01 -6.893985115744607484e-01 8.209166008682489135e-05 3.617832533156746244e-01 -6.893418456827976604e-01 -7.243242536626937067e-01 -1.273559368917993873e-02 1.732921895146889452e-03 8.839360313762019070e-03 9.168849158974350794e-03 -9.999188956682153462e-01 4.859970177164729677e-01 0.000000000000000000e+00 0.000000000000000000e+00 0.000000000000000000e+00 1.000000000000000000e+00 4.206913681848474008e-03 1.278607928925075757e-02 1.411916503677623086e-02 -1.918671582660066890e-04 -3.023555419253762949e-02 1.912910334377834407e-02
7.244676231425795088e-01 -6.893087098699963722e-01 4.068359647251829081e-04 3.618340852560658072e-01 -6.892491345394180513e-01 -7.244125241463760245e-01 -1.273284714977927432e-02 1.834395963112845501e-03 9.071579509906235045e-03 8.944124173852093657e-03 -9.999188512514191052e-01 4.861480262358672255e-01 0.000000000000000000e+00 0.000000000000000000e+00 0.000000000000000000e+00 1.000000000000000000e+00 4.556835505814162655e-03 9.350745039819897964e-03 1.403373614513980447e-02 6.152975700055293012e-03 -3.008897062092216051e-02 4.508863667728894853e-03
7.245886101649785527e-01 -6.891812513409542040e-01 7.408233941565978142e-04 3.618854842462724264e-01 -6.891184645585290980e-01 -7.245363159419759835e-01 -1.276200163471789481e-02 1.952093053012774956e-03 9.332085708996011586e-03 8.736685947533212593e-03 -9.999182879090541265e-01 4.863076275999960729e-01 0.000000000000000000e+00 0.000000000000000000e+00 0.000000000000000000e+00 1.000000000000000000e+00 5.153931805341610724e-03 1.126702028770290749e-02 1.617993340915159506e-02 -1.450192904931593089e-03 -3.471521618466286846e-02 1.501500302428674001e-02
7.247019087283343985e-01 -6.890617285794298219e-01 1.038119760329969665e-03 3.619333007732041807e-01 -6.889960655347182605e-01 -7.246521262970601063e-01 -1.279521515364262854e-02 2.061761314328772274e-03 9.568968762988783877e-03 8.557456414013359797e-03 -9.999175989933046793e-01 4.864475891011211250e-01 0.000000000000000000e+00 0.000000000000000000e+00 0.000000000000000000e+00 1.000000000000000000e+00 5.768897486677581309e-03 1.230902387561982197e-02 1.578295285178477406e-02 -5.937482314693223739e-03 -3.274941376838327173e-02 1.713134244402918227e-02
7.247891259356082916e-01 -6.889694027642571106e-01 1.372945796436098043e-03 3.619844516284932423e-01 -6.889009637158821642e-01 -7.247426173327858878e-01 -1.279065334343698623e-02 2.184986472486774838e-03 9.807401124957501257e-03 8.324702774640632685e-03 -9.999172536799671995e-01 4.866060385278751510e-01 0.000000000000000000e+00 0.000000000000000000e+00 0.000000000000000000e+00 1.000000000000000000e+00 5.385200342989491552e-03 1.233203876054602723e-02 1.678994731022799558e-02 1.073038348338057951e-03 -3.512889099389845254e-02 1.011183445983180988e-02
7.248943826253766431e-01 -6.888578815446289028e-01 1.718450470550969555e-03 3.620388059640664569e-01 -6.887864084672770115e-01 -7.248511295219411954e-01 -1.281107105262963182e-02 2.317803998726954227e-03 1.007062803023865000e-02 8.103028113725992132e-03 -9.999164582036164095e-01 4.867697657016442636e-01 0.000000000000000000e+00 0.000000000000000000e+00 0.000000000000000000e+00 1.000000000000000000e+00 5.710615692242064501e-03 1.357622291265989968e-02 1.665568573378434572e-02 -3.303049863928179605e-03 -3.488758030048991210e-02 1.336721379368920395e-02
7.250079795808587191e-01 -6.887372860708009803e-01 2.092921381396106728e-03 3.620974594804570179e-01 -6.886626390366019645e-01 -7.249683885538446004e-01 -1.282985552470729609e-02 2.465238434570590689e-03 1.035370171600809470e-02 7.860430870473894202e-03 -9.999155036738385238e-01 4.869509021596370446e-01 0.000000000000000000e+00 0.000000000000000000e+00 0.000000000000000000e+00 1.000000000000000000e+00 5.047144789964384641e-03 1.373233933240614567e-02 1.588790222863411053e-02 2.567906789771694231e-03 -3.080132105203994483e-02 1.912582302403358428e-02
7.251015790957956453e-01 -6.886375313941509591e-01 2.459745546417035911e-03 3.621552699863833658e-01 -6.885599175006970052e-01 -7.250657277134509027e-01 -1.284252727454089117e-02 2.601290196543863242e-03 1.062732347380451053e-02 7.618454615836963220e-03 -9.999145059179056494e-01 4.871231394571959861e-01 0.000000000000000000e+00 0.000000000000000000e+00 0.000000000000000000e+00 1.000000000000000000e+00 5.127677985223682774e-03 1.407098134500405461e-02 1.684418194907752464e-02 1.561646748629237896e-03 -3.526107545185758196e-02 1.618007576226812225e-02
7.251932666884735035e-01 -6.885395494546552309e-01 2.831039823266268129e-03 3.622140615941878972e-01 -6.884587973872660083e-01 -7.251611560891484398e-01 -1.287563588833953200e-02 2.732289655987888300e-03 1.091834464467367552e-02 7.388270178474943758e-03 -9.999130978310013518e-01 4.873026281421518613e-01 0.000000000000000000e+00 0.000000000000000000e+00 0.000000000000000000e+00 1.000000000000000000e+00 5.937176330614018539e-03 1.303100778765050281e-02 2.010058783145968198e-02 -4.126880813988215678e-03 -4.080328011418204309e-02 1.748358251447521688e-02
7.253059120923470715e-01 -6.884190931448108675e-01 3.238221358232984404e-03 3.622822345364812846e-01 -6.883347461543346535e-01 -7.252778820885281696e-01 -1.293332864449513869e-02 2.869025989348177909e-03 1.125216070522025262e-02 7.151639452274729386e-03 -9.999111175162563869e-01 4.874978880553049176e-01 0.000000000000000000e+00 0.000000000000000000e+00 0.000000000000000000e+00 1.000000000000000000e+00 6.812043789889793595e-03 1.236886342158843334e-02 1.845485466034062216e-02 -7.623748009307033946e-03 -3.803548995245704945e-02 2.149995654517865978e-02
7.253960880439013215e-01 -6.883222137746134450e-01 3.611852020730554891e-03 3.623435794083099681e-01 -6.882346634006667463e-01 -7.253719523146107129e-01 -1.298379332325715063e-02 2.995635222821233651e-03 1.155696951520517393e-02 6.932591124920787357e-03 -9.999091836941589317e-01 4.876773815878774343e-01 0.000000000000000000e+00 0.000000000000000000e+00 0.000000000000000000e+00 1.000000000000000000e+00 6.935201034471796290e-03 1.511853440862894957e-02 2.007420839294509970e-02 -1.022968106207224753e-02 -4.199221150252728518e-02 1.887152107152479177e-02
7.254530500726922293e-01 -6.882595450899428036e-01 4.082980873474917338e-03 3.624216283912967684e-01 -6.881686572419959402e-01 -7.254343490811826500e-01 -1.299632112981007753e-02 3.148991747762896164e-03 1.190677664090608774e-02 6.618441338100911064e-03 -9.999072081469748685e-01 4.879072602997021058e-01 0.000000000000000000e+00 0.000000000000000000e+00 0.000000000000000000e+00 1.000000000000000000e+00 6.437514539796164448e-03 1.342846300429830809e-02 2.174868743904877222e-02 -1.088475137109271625e-03 -4.310852294694379749e-02 9.369895714401325904e-03
