7.287276724063023181e-01 -6.837720390105943569e-01 -3.757363619064418847e-02 3.579110294280911653e-01 -6.841724992809909978e-01 -7.293144163925271428e-01 2.910888117028696126e-03 9.249337380687815136e-02 -2.939337845323724760e-02 2.358560385747027199e-02 -9.992896219784247469e-01 5.336225949170697591e-01 0.000000000000000000e+00 0.000000000000000000e+00 0.000000000000000000e+00 1.000000000000000000e+00 1.182427567399644630e-03 1.009593277358071008e-03 3.699820105951529600e-03 3.356756702217150007e-04 -7.273729232775230126e-03 1.827440580450560717e-03
7.287525322463901389e-01 -6.837548534556154856e-01 -3.740383831057686459e-02 3.579281089265490268e-01 -6.841508275648465753e-01 -7.293346816906997043e-01 2.926982313095460864e-03 9.250792384620534770e-02 -2.928125487081272016e-02 2.345682116177414539e-02 -9.992959449803524574e-01 5.336718731101832702e-01 0.000000000000000000e+00 0.000000000000000000e+00 0.000000000000000000e+00 1.000000000000000000e+00 2.642569421344386025e-03 2.255944311958437559e-03 8.385266053280585399e-03 2.111443417688452576e-03 -2.759745210933442147e-02 4.074089864109012131e-03
7.287812298697764479e-01 -6.837338479911225786e-01 -3.722827018206301131e-02 3.579444307224159405e-01 -6.841253039535134528e-01 -7.293585697830515802e-01 2.940267765763535796e-03 9.252940923121689976e-02 -2.916311848909631729e-02 2.332598969548784623e-02 -9.993024620827856142e-01 5.337215652355098428e-01 0.000000000000000000e+00 0.000000000000000000e+00 0.000000000000000000e+00 1.000000000000000000e+00 1.155859368050631605e-03 3.207096195568645905e-03 6.768976572999838015e-03 1.694966067831388517e-03 -1.620216010623767161e-02 6.171989406626103569e-03
7.288131944990202671e-01 -6.837084085099909281e-01 -3.706938975581830498e-02 3.579607296422455676e-01 -6.840961100757527724e-01 -7.293859476484417792e-01 2.941352105419001162e-03 9.255134060612014990e-02 -2.904891914266045233e-02 2.321532911074037850e-02 -9.993083652161244279e-01 5.337671684925155979e-01 0.000000000000000000e+00 0.000000000000000000e+00 0.000000000000000000e+00 1.000000000000000000e+00 7.643536138024594395e-04 2.448254029324496792e-03 5.988144704880422192e-03 -4.963824343379234479e-04 -1.271861748673809751e-02 4.700748767525602355e-03
7.288474209062721920e-01 -6.836823534334096619e-01 -3.687650528493582880e-02 3.579774123274637176e-01 -6.840653555493788618e-01 -7.294147623591247243e-01 2.948523305573175907e-03 9.257674641740104571e-02 -2.891412069175399238e-02 2.307691609240913183e-02 -9.993154805006707608e-01 5.338157466620699898e-01 0.000000000000000000e+00 0.000000000000000000e+00 0.000000000000000000e+00 1.000000000000000000e+00 1.966446741519882122e-03 2.453447777109921211e-03 4.157103532516567834e-03 7.121071581209071190e-04 -2.037236535053795275e-02 2.764149866901897089e-03
7.289370936794763445e-01 -6.835948207658180120e-01 -3.672648200232764282e-02 3.579846395435533624e-01 -6.839755734865182735e-01 -7.294991299605227963e-01 2.904179854780516989e-03 9.263467635471585304e-02 -2.877721897450921662e-02 2.300305216681818032e-02 -9.993211352008443127e-01 5.338673804819202839e-01 0.000000000000000000e+00 0.000000000000000000e+00 0.000000000000000000e+00 1.000000000000000000e+00 8.538951149947268714e-04 6.573323187042946943e-03 2.880027742120093957e-03 -4.845634510946192179e-03 -8.259602002210767596e-03 1.637566030297706726e-02
7.289897603186601405e-01 -6.835442047820686762e-01 -3.662307277375939640e-02 3.579878271827702241e-01 -6.839234197980774699e-01 -7.295481468652351698e-01 2.873544362602471064e-03 9.267626973167401860e-02 -2.868248947084799105e-02 2.295259275878485175e-02 -9.993250188419201541e-01 5.339123282478654975e-01 0.000000000000000000e+00 0.000000000000000000e+00 0.000000000000000000e+00 1.000000000000000000e+00 1.046303599295709359e-03 3.406540955581127249e-03 5.460564121765289908e-03 -1.573269674181771143e-03 -1.261144634608049944e-02 6.555526523319462305e-03
7.290801128449099222e-01 -6.834560548213685083e-01 -3.646930465561110113e-02 3.579929815240432411e-01 -6.838331857764888833e-01 -7.296329334254575416e-01 2.820725392493551170e-03 9.274147312433912715e-02 -2.853704758434836078e-02 2.288238599823619324e-02 -9.993307927439223359e-01 5.339699195427922707e-01 0.000000000000000000e+00 0.000000000000000000e+00 0.000000000000000000e+00 1.000000000000000000e+00 8.630046724135871650e-04 6.805986557392200952e-03 6.691171740209496226e-03 -6.092564028536782278e-03 -1.682992931888909263e-02 1.236433555002580328e-02
7.291886869916668346e-01 -6.833462025430439013e-01 -3.635692827193370835e-02 3.579915203281414660e-01 -6.837227614288485800e-01 -7.297366897552248766e-01 2.747567869275907571e-03 9.281519956660275184e-02 -2.840852455652789071e-02 2.285456398813914131e-02 -9.993350912669051178e-01 5.340191468289889887e-01 0.000000000000000000e+00 0.000000000000000000e+00 0.000000000000000000e+00 1.000000000000000000e+00 1.450642044080821817e-04 6.579509554788978525e-03 5.537918065512400373e-03 -5.482045046096342515e-03 -1.252160466651276380e-02 1.464009452806172389e-02
7.292940019189726453e-01 -6.832415403930711673e-01 -3.621127236527849069e-02 3.579913379430262887e-01 -6.836170147051765511e-01 -7.298360582103690097e-01 2.665584651285329842e-03 9.289290942583455779e-02 -2.824953044904924757e-02 2.281064701523815783e-02 -9.993406018030861482e-01 5.340710113360883637e-01 0.000000000000000000e+00 0.000000000000000000e+00 0.000000000000000000e+00 1.000000000000000000e+00 -4.847752370221854136e-04 9.193046734951106774e-03 6.403433584957507821e-03 -8.710047749179309143e-03 -1.740400780285156213e-02 1.869337408917038507e-02
7.294112905815408610e-01 -6.831244879756241950e-01 -3.605694246899418531e-02 3.579933266700194294e-01 -6.834986983022122153e-01 -7.299471628271629875e-01 2.582421297246364350e-03 9.298133098182632950e-02 -2.808377808188324692e-02 2.276122599106549654e-02 -9.993464004037995174e-01 5.341280207742959973e-01 0.000000000000000000e+00 0.000000000000000000e+00 0.000000000000000000e+00 1.000000000000000000e+00 -1.127005411876764345e-04 9.309751070454851812e-03 5.755565166262897360e-03 -8.839046820398481497e-03 -1.542250282810305080e-02 1.467398647233898734e-02
7.295358870173935806e-01 -6.830006002235790019e-01 -3.588272074377585330e-02 3.579946568320744316e-01 -6.833732435507000602e-01 -7.300649232781430964e-01 2.493551257675995225e-03 9.307201929462788348e-02 -2.789981277249670155e-02 2.270215613350607536e-02 -9.993528969058673717e-01 5.341836256020020546e-01 0.000000000000000000e+00 0.000000000000000000e+00 0.000000000000000000e+00 1.000000000000000000e+00 -3.160186899147977586e-04 9.556720650305354156e-03 4.588764042432225652e-03 -1.004246665271985896e-02 -1.642188165523483789e-02 1.686110560272620004e-02
7.296704801348601332e-01 -6.828683914069592076e-01 -3.566161012958588006e-02 3.580023755661627671e-01 -6.832384377345528392e-01 -7.301913873808150157e-01 2.403122328987736950e-03 9.317128605845491351e-02 -2.768081685590608604e-02 2.261189536842170625e-02 -9.993610331436969529e-01 5.342446060115658701e-01 0.000000000000000000e+00 0.000000000000000000e+00 0.000000000000000000e+00 1.000000000000000000e+00 1.848368072549606486e-04 1.153980780332213192e-02 5.296193878540571276e-03 -1.123520873491307311e-02 -2.179252855467563380e-02 2.207925658229991511e-02
7.297918261582515553e-01 -6.827503959429582769e-01 -3.543708950151194803e-02 3.580110092199514371e-01 -6.831176785070550705e-01 -7.303046430420792046e-01 2.316389931170521194e-03 9.326320890412553855e-02 -2.746138714151696164e-02 2.251721987535612937e-02 -9.993692245738553526e-01 5.343010040347949685e-01 0.000000000000000000e+00 0.000000000000000000e+00 0.000000000000000000e+00 1.000000000000000000e+00 7.023736805135676487e-04 1.149200734280299112e-02 5.726004554119857454e-03 -1.106278661768588141e-02 -2.260406995133452945e-02 2.134386105367762701e-02
7.299358998825716816e-01 -6.826101568391731433e-01 -3.517038303203326444e-02 3.580236249985536690e-01 -6.829739737492046547e-01 -7.304393347245453638e-01 2.220240614111874261e-03 9.337246888293282421e-02 -2.720538997774542972e-02 2.239982292705178235e-02 -9.993788644398057253e-01 5.343728919298693647e-01 0.000000000000000000e+00 0.000000000000000000e+00 0.000000000000000000e+00 1.000000000000000000e+00 9.398829422787524862e-04 1.321498694537757632e-02 7.012510561283673630e-03 -1.166040626546278706e-02 -2.592446948319128766e-02 2.170276158450117066e-02
7.300524920009716645e-01 -6.825001359019943203e-01 -3.488442943392902618e-02 3.580345125135424578e-01 -6.828598934517996488e-01 -7.305462501490972427e-01 2.131269126466675545e-03 9.347285220724076138e-02 -2.693928058000481796e-02 2.226523942947783094e-02 -9.993890805261883559e-01 5.344544418967648314e-01 0.000000000000000000e+00 0.000000000000000000e+00 0.000000000000000000e+00 1.000000000000000000e+00 1.086025544088898729e-03 9.603362171694621030e-03 9.287363314518834456e-03 -7.486614609400755495e-03 -3.300321041480396012e-02 1.252130316882599584e-02
7.302196760928733044e-01 -6.823342060018954269e-01 -3.463027528886236661e-02 3.580421323912529874e-01 -6.826912433358067744e-01 -7.307041773896004733e-01 2.017775507256684003e-03 9.359267290673077555e-02 -2.668128406635757177e-02 2.216836631667760266e-02 -9.993981551991276691e-01 5.345339534642228330e-01 0.000000000000000000e+00 0.000000000000000000e+00 0.000000000000000000e+00 1.000000000000000000e+00 -3.102263450807662970e-04 8.275882012772791535e-03 5.900050347152586624e-03 -8.221763227006484778e-03 -1.562636187613042696e-02 1.755727215995624493e-02
7.303399899271714180e-01 -6.822190318352859828e-01 -3.436119489924918668e-02 3.580576481009772327e-01 -6.825718862831218203e-01 -7.308158620684618301e-01 1.948282585240511400e-03 9.368587340683626197e-02 -2.644086173104150811e-02 2.203107693364264943e-02 -9.994075807597538885e-01 5.346141730535339809e-01 0.000000000000000000e+00 0.000000000000000000e+00 0.000000000000000000e+00 1.000000000000000000e+00 2.270172860222990918e-03 9.802488520667573119e-03 9.806917453662902448e-03 -5.653180288688821817e-03 -3.503186570560586771e-02 1.703232542568075547e-02
7.304844777223541419e-01 -6.820789074349354886e-01 -3.407039534646388868e-02 3.580728635685841432e-01 -6.824274643396071038e-01 -7.309509401266377493e-01 1.865219289692490040e-03 9.379036044357047519e-02 -2.617601424422402040e-02 2.188805976666659270e-02 -9.994176950194233466e-01 5.347064293203339647e-01 0.000000000000000000e+00 0.000000000000000000e+00 0.000000000000000000e+00 1.000000000000000000e+00 1.024088546219980743e-03 1.069358093262574513e-02 9.607875610928438143e-03 -8.230273384338925025e-03 -2.858132293368926408e-02 2.073269697741502576e-02
7.306057542767679935e-01 -6.819631777554411300e-01 -3.378544070121788923e-02 3.580930858802121586e-01 -6.823070603996472805e-01 -7.310634886899959328e-01 1.803006712231960268e-03 9.388590983028881343e-02 -2.592888633294934686e-02 2.173475765019818387e-02 -9.994274826936772049e-01 5.348027557873319404e-01 0.000000000000000000e+00 0.000000000000000000e+00 0.000000000000000000e+00 1.000000000000000000e+00 2.417426541408643041e-03 8.391105955489801260e-03 9.368088598409247611e-03 -4.459056641382205463e-03 -2.793793663621890744e-02 1.467548299597179126e-02
7.307410966514261697e-01 -6.818341367646165718e-01 -3.346131508356015027e-02 3.581207174373670643e-01 -6.821726244984962495e-01 -7.311890959557624248e-01 1.736761419562318776e-03 9.398539190320465142e-02 -2.565073194871271556e-02 2.155727018537056949e-02 -9.994385043876637953e-01 5.349122408847082344e-01 0.000000000000000000e+00 0.000000000000000000e+00 0.000000000000000000e+00 1.000000000000000000e+00 2.240865657202458991e-03 9.228125563945708057e-03 1.083299054323172590e-02 -5.553584706495168222e-03 -3.312024013124626604e-02 1.742841491887496541e-02
7.308339310659389687e-01 -6.817461389935648430e-01 -3.322600141565784648e-02 3.581498689254585255e-01 -6.820803350796211806e-01 -7.312752635359431874e-01 1.704534572488834721e-03 9.405572985076759984e-02 -2.545941280505623072e-02 2.141707047669809752e-02 -9.994464104652225345e-01 5.349941473408605930e-01 0.000000000000000000e+00 0.000000000000000000e+00 0.000000000000000000e+00 1.000000000000000000e+00 3.360301978465722941e-03 6.108673856730530496e-03 1.050202926796162985e-02 -1.953124926305913726e-05 -2.903409194021054629e-02 1.085069698628187904e-02
7.309455574036894943e-01 -6.816419024834764473e-01 -3.290758104929472627e-02 3.581860449146774816e-01 -6.819699442869257000e-01 -7.313782766060387130e-01 1.676782057422648159e-03 9.413844755914431428e-02 -2.521085482677845602e-02 2.121634481919773899e-02 -9.994569923270415490e-01 5.351097525507931829e-01 0.000000000000000000e+00 0.000000000000000000e+00 0.000000000000000000e+00 1.000000000000000000e+00 4.075401196324500257e-03 7.216722500888588486e-03 1.205479829198295022e-02 -2.647003271513939031e-04 -3.326208062396874415e-02 1.221936204380675434e-02
7.310394319329122093e-01 -6.815535553853255823e-01 -3.265118835244501527e-02 3.582151996624205470e-01 -6.818766950271970551e-01 -7.314652673839125985e-01 1.653901378008307971e-03 9.420436189475406286e-02 -2.501043258306194159e-02 2.105501727862346337e-02 -9.994654393771728040e-01 5.352078988398498716e-01 0.000000000000000000e+00 0.000000000000000000e+00 0.000000000000000000e+00 1.000000000000000000e+00 4.551844283548885095e-03 5.526785476891339123e-03 9.749339831869095405e-03 9.552952333637147395e-04 -2.687612581017851873e-02 9.945508912071481314e-03
7.311374287380479897e-01 -6.814618969279298000e-01 -3.236886364553584472e-02 3.582487542389900526e-01 -6.817796101020601185e-01 -7.315558082995672340e-01 1.631745154769038281e-03 9.427787896055726813e-02 -2.479160235642029891e-02 2.087540127888654062e-02 -9.994746590454640645e-01 5.353275816460321135e-01 0.000000000000000000e+00 0.000000000000000000e+00 0.000000000000000000e+00 1.000000000000000000e+00 2.629412201893599737e-03 6.333730129474134628e-03 1.104683313156237280e-02 -1.985704542371630275e-03 -2.245243831830573064e-02 1.110818225059751613e-02
7.312263958327159807e-01 -6.813805060550964798e-01 -3.207123330333888633e-02 3.582809747982140247e-01 -6.816921597783470732e-01 -7.316373145272804246e-01 1.624588576208348123e-03 9.434278033555550114e-02 -2.457147399382088315e-02 2.067476624801646568e-02 -9.994842653620721329e-01 5.354479517806386424e-01 0.000000000000000000e+00 0.000000000000000000e+00 0.000000000000000000e+00 1.000000000000000000e+00 4.515722579575801206e-03 7.476020850750832517e-03 1.458866884820693779e-02 6.654867459014607864e-04 -3.673963781968670600e-02 1.262123332947010478e-02
7.313332889520176572e-01 -6.812798207575310183e-01 -3.177146989377260811e-02 3.583156335940030912e-01 -6.815857830934461958e-01 -7.317364636413431489e-01 1.602517567724847519e-03 9.442102381503139630e-02 -2.434010590605692123e-02 2.048300774416921682e-02 -9.994938747377266619e-01 5.355845756157207038e-01 0.000000000000000000e+00 0.000000000000000000e+00 0.000000000000000000e+00 1.000000000000000000e+00 2.915085864665025329e-03 7.010509319257790181e-03 1.035590738690854266e-02 -2.746237602912056982e-03 -2.273908243899535123e-02 1.083104341684365188e-02
7.314275979813913420e-01 -6.811918954048763464e-01 -3.148444927077659328e-02 3.583424793266516972e-01 -6.814923684079952082e-01 -7.318235023521200144e-01 1.585309666274441892e-03 9.448802627194193005e-02 -2.412096003134051037e-02 2.029687266030312867e-02 -9.995029846115407457e-01 5.357179899215571695e-01 0.000000000000000000e+00 0.000000000000000000e+00 0.000000000000000000e+00 1.000000000000000000e+00 3.571442814153073710e-03 6.932587533200883223e-03 1.494320372115865055e-02 -5.267643950385530712e-04 -3.036995894861963668e-02 1.308572861640578018e-02
7.315306258319757005e-01 -6.810967435339826404e-01 -3.114754271660244433e-02 3.583752465284348876e-01 -6.813904715843261961e-01 -7.319183881149785575e-01 1.580624326429726223e-03 9.456194099524554975e-02 -2.387401734035991124e-02 2.006736371764020546e-02 -9.995135477868504204e-01 5.358772004578822301e-01 0.000000000000000000e+00 0.000000000000000000e+00 0.000000000000000000e+00 1.000000000000000000e+00 2.931808178804447967e-03 8.369551966138755184e-03 1.500127402765083669e-02 -1.716617115217985469e-03 -3.226742510466178854e-02 1.520665022784663777e-02
7.316404928297811638e-01 -6.809962962605998760e-01 -3.076091239122008547e-02 3.584123479597207118e-01 -6.812823547674363711e-01 -7.320190351335011947e-01 1.576478593172524201e-03 9.464173991674508513e-02 -2.359114949153159196e-02 1.980345125384079530e-02 -9.995255279301800133e-01 5.360613325250193073e-01 0.000000000000000000e+00 0.000000000000000000e+00 0.000000000000000000e+00 1.000000000000000000e+00 3.198570234471853797e-03 8.185781859818276954e-03 1.637100895969612752e-02 -1.513744261441794456e-03 -3.426843515885331926e-02 1.392528322603859420e-02
7.317454331330590644e-01 -6.809007188564353275e-01 -3.037815250639031017e-02 3.584554676951557939e-01 -6.811789325152434182e-01 -7.321152514869607719e-01 1.587588604664649100e-03 9.471740025206348834e-02 -2.332129898408960567e-02 1.953124678493073363e-02 -9.995372166221330179e-01 5.362447417123235027e-01 0.000000000000000000e+00 0.000000000000000000e+00 0.000000000000000000e+00 1.000000000000000000e+00 4.497382694894266550e-03 8.395566285650992583e-03 1.916601203812028434e-02 1.616780073561624844e-03 -3.976109987489714892e-02 1.582587958807575232e-02
7.318351371720166476e-01 -6.808191623025365846e-01 -3.004330611114081062e-02 3.584948708556745522e-01 -6.810906788118533672e-01 -7.321973410851221331e-01 1.594033715387195571e-03 9.478157099617348647e-02 -2.308287755077569753e-02 1.929564587023203590e-02 -9.995473269507683112e-01 5.364130942095135524e-01 0.000000000000000000e+00 0.000000000000000000e+00 0.000000000000000000e+00 1.000000000000000000e+00 5.149505957594107709e-03 5.955195851189187643e-03 1.730809103309989549e-02 2.499341197458719924e-03 -3.425253567084141776e-02 1.196624616385758358e-02
7.319442343428262943e-01 -6.807183357090715869e-01 -2.966791603341142891e-02 3.585424868800884401e-01 -6.809824639596241402e-01 -7.322979745979207866e-01 1.600056018384598405e-03 9.486195618474480007e-02 -2.281494229168440011e-02 1.903217878369764179e-02 -9.995585298415358144e-01 5.365987063408836910e-01 0.000000000000000000e+00 0.000000000000000000e+00 0.000000000000000000e+00 1.000000000000000000e+00 4.489957492939568653e-03 6.751466175619456715e-03 2.060511441007404840e-02 3.086695674435660508e-03 -4.198427791632852041e-02 1.278747475710379465e-02
7.320587048024261856e-01 -6.806127289076269182e-01 -2.926373133944407123e-02 3.585947137547720875e-01 -6.808689962213820834e-01 -7.324034584679335325e-01 1.607485209091121664e-03 9.494745192269249401e-02 -2.252693293552358519e-02 1.874799384262336444e-02 -9.995704327456846894e-01 5.367998310916808347e-01 0.000000000000000000e+00 0.000000000000000000e+00 0.000000000000000000e+00 1.000000000000000000e+00 6.319681201805944955e-03 9.115741539486492059e-03 1.953417163855471206e-02 9.132278357266478954e-04 -3.707838105704379383e-02 1.592371850126076543e-02
7.321943330448820175e-01 -6.804838232039547297e-01 -2.886563726455795842e-02 3.586522974938553543e-01 -6.807326278577932044e-01 -7.325302090502235908e-01 1.606922107294916219e-03 9.504637180100515559e-02 -2.223843579893756625e-02 1.847320184928648995e-02 -9.995820090351026366e-01 5.369996929480225223e-01 0.000000000000000000e+00 0.000000000000000000e+00 0.000000000000000000e+00 1.000000000000000000e+00 5.530612884012859297e-03 1.296169910972970116e-02 1.997093517937080856e-02 -1.197093189881803408e-03 -3.918207290342317489e-02 2.674777736045891308e-02
7.323311039164562830e-01 -6.803545291394281769e-01 -2.844062087879473122e-02 3.587123389998992939e-01 -6.805954566567633535e-01 -7.326576545889037506e-01 1.607964694379054177e-03 9.514847838194717689e-02 -2.193122465062707568e-02 1.817899479491194917e-02 -9.995941904260799982e-01 5.372134281453987414e-01 0.000000000000000000e+00 0.000000000000000000e+00 0.000000000000000000e+00 1.000000000000000000e+00 6.126190468947480781e-03 1.241705989588870636e-02 2.268888524562025222e-02 -1.659523371636353190e-03 -4.742592423357436249e-02 2.138641260888338169e-02
7.325039895550516933e-01 -6.801870764206923159e-01 -2.799011175762183834e-02 3.587796852097516753e-01 -6.804201030154537477e-01 -7.328205388545450116e-01 1.594128405648743974e-03 9.527188494023067222e-02 -2.159603432049669522e-02 1.787732930853429963e-02 -9.996069289467844898e-01 5.374434391454241400e-01 0.000000000000000000e+00 0.000000000000000000e+00 0.000000000000000000e+00 1.000000000000000000e+00 5.154508428652590339e-03 1.129981280740557925e-02 2.213379372343479354e-02 -6.145531333391284715e-04 -4.410666019058283316e-02 2.214837846286016668e-02
7.326358823573946299e-01 -6.800606684950677439e-01 -2.760708330200564720e-02 3.588405557181805206e-01 -6.802871039271946030e-01 -7.329440322955198539e-01 1.581692996221486375e-03 9.537535215466828864e-02 -2.131009415165462106e-02 1.762193770349292782e-02 -9.996176004847161511e-01 5.376387288462939340e-01 0.000000000000000000e+00 0.000000000000000000e+00 0.000000000000000000e+00 1.000000000000000000e+00 6.741100533093354052e-03 1.111143832909003773e-02 2.109575274082221147e-02 -3.451082101687504076e-04 -4.156695455309290799e-02 1.825948336177395104e-02
7.328215671321572922e-01 -6.798807106008313283e-01 -2.710664307652296823e-02 3.589062012373885890e-01 -6.800987723667554219e-01 -7.331188335078968610e-01 1.560698962984909816e-03 9.550998406970151455e-02 -2.093347967256363462e-02 1.729148081945100154e-02 -9.996313291008183111e-01 5.378848372125254462e-01 0.000000000000000000e+00 0.000000000000000000e+00 0.000000000000000000e+00 1.000000000000000000e+00 6.233957920601274939e-03 1.341232320489282696e-02 2.144749658054240227e-02 -2.478303818286624067e-03 -4.323718842823345149e-02 2.601125037526522826e-02
7.329840879306890322e-01 -6.797230945341383723e-01 -2.666161280475123907e-02 3.589687729483228562e-01 -6.799337732275451129e-01 -7.332718972778707878e-01 1.545537791386678017e-03 9.563563205339643825e-02 -2.060074913610880284e-02 1.699527638628441084e-02 -9.996433212479263197e-01 5.381073742969166851e-01 0.000000000000000000e+00 0.000000000000000000e+00 0.000000000000000000e+00 1.000000000000000000e+00 6.428741535089491782e-03 1.404855139904338801e-02 2.196853039748224851e-02 -2.753512607631621294e-03 -4.378019536736618700e-02 2.453868700898795968e-02
7.331383524307599764e-01 -6.795723355808844790e-01 -2.626017723193532771e-02 3.590277521806777283e-01 -6.797766432817742288e-01 -7.334176136005026159e-01 1.522927807632912245e-03 9.575158448995087224e-02 -2.029461612532635489e-02 1.673453834695046855e-02 -9.996539820271013177e-01 5.383078874669797731e-01 0.000000000000000000e+00 0.000000000000000000e+00 0.000000000000000000e+00 1.000000000000000000e+00 6.879662308048569222e-03 1.360264358936217645e-02 2.180041234052680979e-02 -3.119584436047772441e-03 -4.352021362284682476e-02 2.402774379681393499e-02
7.333456075040767352e-01 -6.793669730682569963e-01 -2.578247192475341398e-02 3.590983202166702082e-01 -6.795642035570259587e-01 -7.336145530288025185e-01 1.476762761915627331e-03 9.590719290240763695e-02 -1.991766046455819075e-02 1.643786751450005551e-02 -9.996664860408166486e-01 5.385450914577927239e-01 0.000000000000000000e+00 0.000000000000000000e+00 0.000000000000000000e+00 1.000000000000000000e+00 5.423373732923451526e-03 1.332744239916813962e-02 2.040052156104617959e-02 -3.819146383957887879e-03 -4.107570539474737076e-02 2.593528731914212723e-02
7.335265314899417355e-01 -6.791891195113424207e-01 -2.531733670318994656e-02 3.591665060065299953e-01 -6.793794041229970215e-01 -7.337857643550281805e-01 1.441278386872663075e-03 9.604748172535718109e-02 -1.955640186273474232e-02 1.614286118736042025e-02 -9.996784258844786386e-01 5.387714741893512294e-01 0.000000000000000000e+00 0.000000000000000000e+00 0.000000000000000000e+00 1.000000000000000000e+00 5.938475382491756500e-03 1.489472327446181819e-02 2.482460695662862260e-02 -3.814764781195462053e-03 -5.207057392886139252e-02 2.960195300861798856e-02
7.336776656026136045e-01 -6.790404150396300853e-01 -2.492383876344103633e-02 3.592281849353985423e-01 -6.792249505956396982e-01 -7.339287968441305932e-01 1.409840869573353306e-03 9.617049566349425427e-02 -1.924966192560432707e-02 1.589452439469218881e-02 -9.996883587448724962e-01 5.389677644984647298e-01 0.000000000000000000e+00 0.000000000000000000e+00 0.000000000000000000e+00 1.000000000000000000e+00 7.403974803704415318e-03 1.451710079086331907e-02 2.357403996318722592e-02 -3.094545510434516464e-03 -4.784232516716244860e-02 2.764175549875252935e-02
7.338564862754041185e-01 -6.788632960989228193e-01 -2.448025247466986687e-02 3.593071495022237549e-01 -6.790414429847756450e-01 -7.340986499917501185e-01 1.375059796306692117e-03 9.632113681403180194e-02 -1.890439791876621228e-02 1.561400941449526611e-02 -9.996993680348771338e-01 5.391891208324424145e-01 0.000000000000000000e+00 0.000000000000000000e+00 0.000000000000000000e+00 1.000000000000000000e+00 6.878755063254187764e-03 1.435748633764830258e-02 2.093202259111889840e-02 -4.493075245480930742e-03 -4.093823800038483979e-02 2.188456798952203436e-02
7.339885869867863732e-01 -6.787333992625673718e-01 -2.411901529127238875e-02 3.593709684034793184e-01 -6.789064803602994358e-01 -7.342235246074007016e-01 1.344186696854696161e-03 9.644158470113356474e-02 -1.862109282321755543e-02 1.538793808688323876e-02 -9.997081905553755199e-01 5.393732491699421150e-01 0.000000000000000000e+00 0.000000000000000000e+00 0.000000000000000000e+00 1.000000000000000000e+00 8.089266592476345233e-03 1.245198951803646453e-02 1.881056907063100025e-02 -1.922563675593951405e-03 -3.532741310532959422e-02 2.323907173153568623e-02
7.341288864766003508e-01 -6.785948188507900936e-01 -2.374552314628658456e-02 3.594484010819431474e-01 -6.787627154998876478e-01 -7.343564874237040740e-01 1.313554695459562965e-03 9.657445739250410111e-02 -1.832905038036120385e-02 1.515325732583493526e-02 -9.997171723565478896e-01 5.395640181984822092e-01 0.000000000000000000e+00 0.000000000000000000e+00 0.000000000000000000e+00 1.000000000000000000e+00 8.593312744987478477e-03 1.295302876974414701e-02 1.807983581363495698e-02 -1.213428855698066560e-03 -3.550881790313208802e-02 2.470314429501703490e-02
7.342863342839087704e-01 -6.784360609945285780e-01 -2.341133114813970240e-02 3.595329774288474889e-01 -6.785994591729113123e-01 -7.345074074646515960e-01 1.281557563367095171e-03 9.670380288450623751e-02 -1.806525101214509488e-02 1.494588645026698366e-02 -9.997250958058837567e-01 5.397454657051327098e-01 0.000000000000000000e+00 0.000000000000000000e+00 0.000000000000000000e+00 1.000000000000000000e+00 8.763400883473165467e-03 1.285769686628217452e-02 2.005093155886263079e-02 -1.369526064440103243e-03 -3.700673820666487007e-02 2.096375096953004627e-02
7.344425743715574662e-01 -6.782783684278805847e-01 -2.307725879067648589e-02 3.596229967677980199e-01 -6.784371925466374798e-01 -7.346573314516171571e-01 1.257423487006938817e-03 9.683645095381822332e-02 -1.780676051156665843e-02 1.473296532274607530e-02 -9.997328938335892090e-01 5.399263640036734424e-01 0.000000000000000000e+00 0.000000000000000000e+00 0.000000000000000000e+00 1.000000000000000000e+00 8.811198315651237040e-03 1.248370293502826418e-02 1.563285199696720293e-02 -2.086462148303470064e-03 -2.774689102560343873e-02 1.660145037061304396e-02
7.346163768376439140e-01 -6.781011368481726365e-01 -2.275141945348463368e-02 3.597212370592083319e-01 -6.782555306753079716e-01 -7.348250873180908194e-01 1.235376993703796167e-03 9.696743015306150126e-02 -1.755602433038406726e-02 1.452374790389653232e-02 -9.997403896795082900e-01 5.401023657550456658e-01 0.000000000000000000e+00 0.000000000000000000e+00 0.000000000000000000e+00 1.000000000000000000e+00 9.465910725398530429e-03 1.203453606494095558e-02 1.678813114434900625e-02 -1.722067883444921470e-03 -3.022195220201916166e-02 2.264285126920333527e-02
7.347778851166117953e-01 -6.779375318956935015e-01 -2.240898013597528160e-02 3.598259260574371288e-01 -6.780872022514538022e-01 -7.349804464076771238e-01 1.220467602111027089e-03 9.710166373089612613e-02 -1.729756301781361361e-02 1.429847004217933704e-02 -9.997481423179027660e-01 5.402865739736912865e-01 0.000000000000000000e+00 0.000000000000000000e+00 0.000000000000000000e+00 1.000000000000000000e+00 1.158511210170444505e-02 1.179305667372655339e-02 1.747641770177405310e-02 4.945224932173924439e-04 -3.014521152463392820e-02 2.190669104165440459e-02
7.349343388461955229e-01 -6.777790270214696378e-01 -2.207052592340044694e-02 3.599549734116300748e-01 -6.779238955093390695e-01 -7.351310825887185096e-01 1.217911893940715196e-03 9.725238057133889225e-02 -1.705020475384479844e-02 1.406705163738528400e-02 -9.997556744405519114e-01 5.404768550726779530e-01 0.000000000000000000e+00 0.000000000000000000e+00 0.000000000000000000e+00 1.000000000000000000e+00 1.301293873519273475e-02 1.322647280194453809e-02 1.613893777787939535e-02 5.737123688808415476e-04 -2.404141405399359832e-02 1.594658744046676541e-02
7.351133183807350147e-01 -6.775968955457681853e-01 -2.169922316584499411e-02 3.600748556624897567e-01 -6.777368198340260053e-01 -7.353035838248834777e-01 1.201105966897337424e-03 9.739965690762719674e-02 -1.676938223445291476e-02 1.382341350823582636e-02 -9.997638226393548155e-01 5.406626920515397172e-01 0.000000000000000000e+00 0.000000000000000000e+00 0.000000000000000000e+00 1.000000000000000000e+00 1.079872512987265117e-02 1.481118381411047208e-02 1.861930103669326431e-02 -2.492616416829274671e-03 -3.617839689686727644e-02 2.890242756703636368e-02
7.352497967365299036e-01 -6.774611248214930104e-01 -2.131104770977715335e-02 3.601970393237323709e-01 -6.775957000277146314e-01 -7.354336305744383351e-01 1.200967964515627789e-03 9.754342932155807278e-02 -1.648647029666176073e-02 1.355726283943322827e-02 -9.997721725080468413e-01 5.408574899706803940e-01 0.000000000000000000e+00 0.000000000000000000e+00 0.000000000000000000e+00 1.000000000000000000e+00 1.139941119965946423e-02 1.442045663219093145e-02 2.136241157301773178e-02 -4.276383227494243958e-04 -4.052670399625575570e-02 2.121037931759224907e-02
7.353695669403264024e-01 -6.773403480626256634e-01 -2.101553959330434984e-02 3.603295424863404151e-01 -6.774707852356146587e-01 -7.355486887831303999e-01 1.208958914605626905e-03 9.769141455324351075e-02 -1.627682924393732480e-02 1.334838251694389633e-02 -9.997784182077272819e-01 5.410340128617184829e-01 0.000000000000000000e+00 0.000000000000000000e+00 0.000000000000000000e+00 1.000000000000000000e+00 1.364070218072752430e-02 1.533048386667925853e-02 1.567172336479209435e-02 -1.127238326882238533e-03 -2.515336023502428436e-02 2.147987398525471117e-02
7.354892164467627946e-01 -6.772201144214102797e-01 -2.070094475086256547e-02 3.604564044907331843e-01 -6.773464658700715235e-01 -7.356631839246473570e-01 1.202077857089037943e-03 9.784388396836603274e-02 -1.604299422958900892e-02 1.313759646594990504e-02 -9.997849898329376206e-01 5.412191031180446643e-01 0.000000000000000000e+00 0.000000000000000000e+00 0.000000000000000000e+00 1.000000000000000000e+00 1.546948632689427658e-02 1.710034357242695355e-02 1.896344260161338113e-02 -1.581020311291275997e-03 -3.132951140540128632e-02 1.557811090004449991e-02
7.356370324198766575e-01 -6.770686914147152624e-01 -2.039959897748683249e-02 3.606071265681308757e-01 -6.771912541011178011e-01 -7.358060797488157334e-01 1.190954925549030791e-03 9.802460556288779270e-02 -1.581650724504793035e-02 1.293831946754745929e-02 -9.997911971946558118e-01 5.414126682109685618e-01 0.000000000000000000e+00 0.000000000000000000e+00 0.000000000000000000e+00 1.000000000000000000e+00 1.545401199994115779e-02 1.949837707913788451e-02 1.786140266826651002e-02 -3.454186282652688296e-03 -2.796393315373513905e-02 2.931133923551199061e-02
7.357714485934545579e-01 -6.769337202868843661e-01 -2.002782497545868567e-02 3.607989355289824562e-01 -6.770511150351433693e-01 -7.359349914416584149e-01 1.214907994599324220e-03 9.823631721686038043e-02 -1.556158939049955697e-02 1.266596661626886305e-02 -9.997986848487634415e-01 5.416538955881627926e-01 0.000000000000000000e+00 0.000000000000000000e+00 0.000000000000000000e+00 1.000000000000000000e+00 1.789566761820382199e-02 1.965068950349968535e-02 2.052212203251402300e-02 2.895639464291203339e-03 -2.945966714056694191e-02 1.335832239018466816e-02
7.358890285643766571e-01 -6.768163220952916337e-01 -1.967241174794759351e-02 3.609862828066067175e-01 -6.769288896678858913e-01 -7.360473814155421568e-01 1.237192113841899255e-03 9.844318730401870055e-02 -1.531717896942094877e-02 1.240638773882502162e-02 -9.998057139123044390e-01 5.418890692538838039e-01 0.000000000000000000e+00 0.000000000000000000e+00 0.000000000000000000e+00 1.000000000000000000e+00 1.940067253563170641e-02 1.979355213041614908e-02 2.338730205113870655e-02 3.832381705768408715e-03 -3.518865729396263020e-02 1.687975893207255274e-02
7.360179744376748046e-01 -6.766840419424985376e-01 -1.939713084518066011e-02 3.611715987796174643e-01 -6.767930148597544049e-01 -7.361723001193931637e-01 1.248829038010546011e-03 9.863422132199489711e-02 -1.512469311114967782e-02 1.220868204536352565e-02 -9.998110780247480012e-01 5.420829529302169103e-01 0.000000000000000000e+00 0.000000000000000000e+00 0.000000000000000000e+00 1.000000000000000000e+00 2.176508093121619705e-02 2.170762220668873144e-02 1.788619854631804881e-02 -2.362704199980685416e-03 -2.233967894415247665e-02 1.943455653251948204e-02
7.361220010702202998e-01 -6.765798753919138875e-01 -1.908066442859154832e-02 3.613924810339245730e-01 -6.766844068668177448e-01 -7.362720649955247776e-01 1.288336341449088790e-03 9.885223075437757356e-02 -1.492022264168616982e-02 1.196321536576726643e-02 -9.998171174942118711e-01 5.423074037387376478e-01 0.000000000000000000e+00 0.000000000000000000e+00 0.000000000000000000e+00 1.000000000000000000e+00 2.206004876140347723e-02 2.370624645188038754e-02 2.352746097153010640e-02 9.160044676004086908e-03 -3.522773380643384744e-02 1.395906724654209785e-02
7.362198911191926154e-01 -6.764829999277480743e-01 -1.873560058280862584e-02 3.616097017134883851e-01 -6.765830161667548692e-01 -7.363651881004736888e-01 1.316050322309466475e-03 9.908731578220369984e-02 -1.468652971742700347e-02 1.170728672701423258e-02 -9.998236070839447986e-01 5.425461006629328509e-01 0.000000000000000000e+00 0.000000000000000000e+00 0.000000000000000000e+00 1.000000000000000000e+00 2.132814585736462348e-02 2.463151658096612850e-02 2.329551615511315718e-02 2.444269108494551666e-05 -3.397860812531905417e-02 1.373811893396621742e-02
7.363226569440253222e-01 -6.763801393730590750e-01 -1.840793124096903877e-02 3.618302993659731071e-01 -6.764759288641014612e-01 -7.364635164040742588e-01 1.344125439432852787e-03 9.933722729711741417e-02 -1.446590952350695902e-02 1.146281236987184080e-02 -9.998296561886081957e-01 5.427776422594537964e-01 0.000000000000000000e+00 0.000000000000000000e+00 0.000000000000000000e+00 1.000000000000000000e+00 2.259527057627040703e-02 2.634193657329686813e-02 2.550338394039513429e-02 6.470022839353018265e-03 -3.944295154181159946e-02 1.118552649931957993e-02
7.364496382704436295e-01 -6.762507295088819870e-01 -1.807985425929581336e-02 3.620803335348486973e-01 -6.763421022908202573e-01 -7.365863329497073231e-01 1.390963887489458928e-03 9.962595044132321886e-02 -1.425801389275519783e-02 1.120379178705496748e-02 -9.998355785275028218e-01 5.430233873180345672e-01 0.000000000000000000e+00 0.000000000000000000e+00 0.000000000000000000e+00 1.000000000000000000e+00 2.161758957313395652e-02 2.754331783573374035e-02 2.219262704987102000e-02 6.148006535101842307e-03 -2.840466188460402663e-02 2.220691006733278156e-02
7.365485938436991953e-01 -6.761510462104989294e-01 -1.777446526107498426e-02 3.623220638090132728e-01 -6.762384119499823543e-01 -7.366814475866785283e-01 1.433521873521501760e-03 9.989881650736115448e-02 -1.406339611315506055e-02 1.096391764122305393e-02 -9.998409940584156441e-01 5.432508790186165726e-01 0.000000000000000000e+00 0.000000000000000000e+00 0.000000000000000000e+00 1.000000000000000000e+00 2.167051650559281839e-02 2.930653607021047741e-02 2.267746109634125734e-02 3.196590474813173176e-03 -2.973311760215581467e-02 1.998362179592055171e-02
7.366170319854798976e-01 -6.760833478154665288e-01 -1.751156747790857948e-02 3.625471331572144851e-01 -6.761676784545695984e-01 -7.367463483180473061e-01 1.445286608392114952e-03 1.001573935297901674e-01 -1.387871760142891583e-02 1.077613319579591097e-02 -9.998456161583577639e-01 5.434501127323363434e-01 0.000000000000000000e+00 0.000000000000000000e+00 0.000000000000000000e+00 1.000000000000000000e+00 2.514185011898962402e-02 2.839180688527307220e-02 2.325042053476939624e-02 -1.056047148415498920e-03 -3.106160335954768689e-02 1.617525076986169041e-02
7.367343609255828651e-01 -6.759646168658395293e-01 -1.715570392002291333e-02 3.628303094863264411e-01 -6.760453994788570009e-01 -7.368585922227874896e-01 1.425801853211710463e-03 1.004932529017893844e-01 -1.360511944253192315e-02 1.054759749282049158e-02 -9.998518134764190490e-01 5.437032539512549612e-01 0.000000000000000000e+00 0.000000000000000000e+00 0.000000000000000000e+00 1.000000000000000000e+00 2.475694587990649384e-02 2.854868291782668502e-02 2.286203968261264416e-02 -5.538188882262038912e-03 -3.036403764097956454e-02 6.800014002018725523e-03
7.368489952537176091e-01 -6.758474449426025155e-01 -1.684604873976336403e-02 3.630957887961648867e-01 -6.759252189653203180e-01 -7.369688713921630496e-01 1.407467813249036609e-03 1.008076115058047229e-01 -1.336624705258409804e-02 1.034957793908045792e-02 -9.998571046285626984e-01 5.439394086327226097e-01 0.000000000000000000e+00 0.000000000000000000e+00 0.000000000000000000e+00 1.000000000000000000e+00 2.749391947113710710e-02 3.158477529735412986e-02 2.078512527124706452e-02 -2.979332317250935492e-04 -2.466383329326843343e-02 7.641096593804443116e-03
7.369229421432477167e-01 -6.757725387977469023e-01 -1.661484726946260704e-02 3.633529080090419638e-01 -6.758481835230180090e-01 -7.370395556175562968e-01 1.387906233093309794e-03 1.010904852443237634e-01 -1.318370856688889578e-02 1.020633440186846999e-02 -9.998610006228370040e-01 5.441292824456283039e-01 0.000000000000000000e+00 0.000000000000000000e+00 0.000000000000000000e+00 1.000000000000000000e+00 2.823640457665643061e-02 3.036907262158978008e-02 2.001366232476294721e-02 -5.848493975106187383e-03 -2.076236625788047477e-02 1.126787773621212158e-02
7.370055279148893801e-01 -6.756874747937716696e-01 -1.641000395219491259e-02 3.636684673166565851e-01 -6.757612051733281611e-01 -7.371193285977352128e-01 1.374405440684570850e-03 1.014034376764525319e-01 -1.302479963708698743e-02 1.007629964025343397e-02 -9.998644021966047735e-01 5.443158478460250471e-01 0.000000000000000000e+00 0.000000000000000000e+00 0.000000000000000000e+00 1.000000000000000000e+00 3.110519346111952077e-02 3.219136571827831139e-02 1.634662806712292027e-02 -8.145670544832540449e-04 -1.211041382370178429e-02 1.624612998212889708e-02
7.370988959559926501e-01 -6.755928186036774807e-01 -1.611089791399780702e-02 3.639885717568128731e-01 -6.756638165370680849e-01 -7.372086371974575503e-01 1.353611476987998802e-03 1.017275166545710541e-01 -1.279158328823827573e-02 9.887805247169615883e-03 -9.998692948102637645e-01 5.445250807621510036e-01 0.000000000000000000e+00 0.000000000000000000e+00 0.000000000000000000e+00 1.000000000000000000e+00 3.205619494127256996e-02 3.268708351195123013e-02 1.998931568377028747e-02 -4.002748296016578854e-03 -3.231516539354233747e-02 1.379702828876251675e-02
