7.515192998535287217e-01 -6.596835572002287540e-01 -6.028789871453221760e-03 3.082470357969504526e-01 -6.595475490723329282e-01 -7.510981298410790430e-01 -2.913125232310017493e-02 2.761091321996561251e-02 1.468919536054677684e-02 2.586897193330181186e-02 -9.995574139741915110e-01 6.876483939312114657e-01 0.000000000000000000e+00 0.000000000000000000e+00 0.000000000000000000e+00 1.000000000000000000e+00 7.080766748971741888e-03 4.826244119711645478e-03 2.659177880059610671e-03 -2.744175233033663720e-03 -2.690442770926809377e-02 7.983819067824932808e-03
7.515795660090577313e-01 -6.596162082749810196e-01 -5.883344165822673721e-03 3.083263701814197288e-01 -6.594770847126818492e-01 -7.511615773808371088e-01 -2.909053807675085132e-02 2.766408249344351478e-02 1.476924833899159045e-02 2.574378464153252721e-02 -9.995594663929862067e-01 6.876474759648827373e-01 0.000000000000000000e+00 0.000000000000000000e+00 0.000000000000000000e+00 1.000000000000000000e+00 7.732582739656952003e-03 5.728642199797902984e-03 -1.087563475015027471e-03 -2.342744636083811827e-03 -1.075656988660658731e-02 1.157794723682945004e-02
7.516594919479439030e-01 -6.595262342832048930e-01 -5.757990688946501567e-03 3.084066700317673604e-01 -6.593850484892526120e-01 -7.512452608582386171e-01 -2.901578651119397431e-02 2.773084853071530742e-02 1.481100919535622944e-02 2.560672431710573835e-02 -9.995623690777692971e-01 6.876498720893684524e-01 0.000000000000000000e+00 0.000000000000000000e+00 0.000000000000000000e+00 1.000000000000000000e+00 7.547364673648380984e-03 8.757715339135538346e-03 4.288765083903789670e-04 9.132573509028905565e-03 -1.057014379917599507e-02 1.617362532743477424e-02
7.517445371539263066e-01 -6.594309572825560739e-01 -5.564479907510078149e-03 3.084870366190426427e-01 -6.592863806995135079e-01 -7.513357248762343454e-01 -2.891533760549367532e-02 2.780548551351363570e-02 1.488687621247072185e-02 2.540553290358878863e-02 -9.995663758923262199e-01 6.876717644331076240e-01 0.000000000000000000e+00 0.000000000000000000e+00 0.000000000000000000e+00 1.000000000000000000e+00 6.687560718565580681e-03 9.749983261114718650e-03 2.262384353913871830e-03 1.083072417727547719e-02 -2.002506270407194630e-02 1.644977475685527324e-02
7.518458786768001945e-01 -6.593171983044763262e-01 -5.348526586484297907e-03 3.085665150893219799e-01 -6.591683490778692533e-01 -7.514421858266828735e-01 -2.883971105912116334e-02 2.788996615436903359e-02 1.499540898631055927e-02 2.520859734204187325e-02 -9.995697396026854697e-01 6.877075619179109367e-01 0.000000000000000000e+00 0.000000000000000000e+00 0.000000000000000000e+00 1.000000000000000000e+00 8.282693919753385259e-03 1.155499109249217768e-02 4.855206352141341192e-03 9.380872368636473946e-03 -2.629334293656639468e-02 2.117624975943925569e-02
7.519573092256648383e-01 -6.591914141898418400e-01 -5.185032352228252650e-03 3.086551746930213946e-01 -6.590394601393236851e-01 -7.515576151181876385e-01 -2.877744146255754171e-02 2.799017085586377046e-02 1.507299178551733260e-02 2.505654837080134242e-02 -9.995723957284811112e-01 6.877367710829807024e-01 0.000000000000000000e+00 0.000000000000000000e+00 0.000000000000000000e+00 1.000000000000000000e+00 8.806928776314695145e-03 1.003794284623261111e-02 4.477579810617322159e-03 9.496155779054767793e-03 -1.939188135508044045e-02 1.807677471668820909e-02
7.520752955282994368e-01 -6.590583132740631678e-01 -4.988943812892360219e-03 3.087481974234430604e-01 -6.589021754538033626e-01 -7.516796029602369478e-01 -2.873495564266981619e-02 2.809529680286304565e-02 1.518792409339703511e-02 2.489807618848514231e-02 -9.995746159061092984e-01 6.877809581453349086e-01 0.000000000000000000e+00 0.000000000000000000e+00 0.000000000000000000e+00 1.000000000000000000e+00 9.427518706219705294e-03 7.809114772483052164e-03 5.221454629598974023e-03 4.531746883698869847e-03 -2.397310717223364793e-02 1.293298308118463226e-02
7.522115132568738538e-01 -6.589049023606928790e-01 -4.708393446793635029e-03 3.088441934755086216e-01 -6.587427025249884549e-01 -7.518213900654605597e-01 -2.868186378381339802e-02 2.821263933965448625e-02 1.535874974985271604e-02 2.467644798354162727e-02 -9.995775016080729047e-01 6.878431400281628250e-01 0.000000000000000000e+00 0.000000000000000000e+00 0.000000000000000000e+00 1.000000000000000000e+00 8.392000635162303115e-03 9.874673193646715461e-03 6.776016021909721590e-03 7.605803374897269001e-03 -2.639246403029312307e-02 1.771403747350813046e-02
7.523572860370202342e-01 -6.587402351616772345e-01 -4.451598156587216470e-03 3.089546036535141260e-01 -6.585725723979222179e-01 -7.519723047487947287e-01 -2.863249510554728011e-02 2.834269368250266763e-02 1.551389803346939558e-02 2.447356675934331260e-02 -9.995800935882442895e-01 6.879016316850614654e-01 0.000000000000000000e+00 0.000000000000000000e+00 0.000000000000000000e+00 1.000000000000000000e+00 1.147560243341083468e-02 1.278793630872538008e-02 6.247031553691478195e-03 4.964837752717270181e-03 -2.147181640281358578e-02 2.306960880553201448e-02
7.525052510703146291e-01 -6.585732130624275538e-01 -4.143687757683423012e-03 3.090804918321395922e-01 -6.583990625380075068e-01 -7.521264809672704166e-01 -2.857325807224886036e-02 2.848149031377730095e-02 1.570100508488924546e-02 2.422972687466353262e-02 -9.995831124898536535e-01 6.879734676763411549e-01 0.000000000000000000e+00 0.000000000000000000e+00 0.000000000000000000e+00 1.000000000000000000e+00 1.109899024454377887e-02 1.405656668172637624e-02 8.297565629018066602e-03 5.591420620829803088e-03 -3.385129003436979089e-02 2.160947851801308175e-02
7.526784309464424894e-01 -6.583774889883515780e-01 -3.776450899248801063e-03 3.092045885640608560e-01 -6.581963241093673478e-01 -7.523080479331872850e-01 -2.846401138058455085e-02 2.864607270627409288e-02 1.589900993515569461e-02 2.390989352444516242e-02 -9.995876842352209302e-01 6.880639858022020716e-01 0.000000000000000000e+00 0.000000000000000000e+00 0.000000000000000000e+00 1.000000000000000000e+00 1.303675430327782755e-02 1.672060670240400546e-02 7.961550891535842944e-03 1.620108247848416061e-02 -3.142649070955012836e-02 2.580304401881141491e-02
7.528605025311100318e-01 -6.581710355819858638e-01 -3.457115783451314428e-03 3.093339545871117147e-01 -6.579850170340194593e-01 -7.524990760636068865e-01 -2.829943254128824276e-02 2.883068722413483290e-02 1.602439038919019690e-02 2.358025539204233051e-02 -9.995935126181544339e-01 6.881429127849227889e-01 0.000000000000000000e+00 0.000000000000000000e+00 0.000000000000000000e+00 1.000000000000000000e+00 1.365641357915951988e-02 1.883840180967544242e-02 7.359662200028793330e-03 1.477082710964431819e-02 -3.066463955197419253e-02 2.643899876103452187e-02
7.530329955737131709e-01 -6.579754637539508844e-01 -3.097850069566365772e-03 3.094555912913924400e-01 -6.577836118399260634e-01 -7.526809141520927060e-01 -2.814536313483439328e-02 2.903131922089935077e-02 1.618726573889862907e-02 2.323210212063226560e-02 -9.995990405452351846e-01 6.882406669149983003e-01 0.000000000000000000e+00 0.000000000000000000e+00 0.000000000000000000e+00 1.000000000000000000e+00 1.119840316219373327e-02 2.128871568120651453e-02 1.148836299537673439e-02 7.007119986420768006e-03 -3.927128324995055042e-02 2.503588520495483166e-02
7.532091474592981228e-01 -6.577752948236571529e-01 -2.764363089033522458e-03 3.095817474977878847e-01 -6.575785009503223311e-01 -7.528662045152449966e-01 -2.798201541590737002e-02 2.924530977802785106e-02 1.632468289321596308e-02 2.289409571177751859e-02 -9.996046043861422925e-01 6.883266650939821041e-01 0.000000000000000000e+00 0.000000000000000000e+00 0.000000000000000000e+00 1.000000000000000000e+00 1.248108330741340248e-02 2.074523071404558647e-02 8.281787673422280269e-03 1.529477192629664917e-02 -3.090772717482205209e-02 2.697626944302258106e-02
7.533917120273950774e-01 -6.575675297166617694e-01 -2.423243850279421796e-03 3.097138777656200936e-01 -6.573662730568513579e-01 -7.530587261908114893e-01 -2.778737042646343969e-02 2.947308555357007476e-02 1.644722760151036065e-02 2.252773335689872009e-02 -9.996109192751072570e-01 6.884106759813897192e-01 0.000000000000000000e+00 0.000000000000000000e+00 0.000000000000000000e+00 1.000000000000000000e+00 1.241910804231961991e-02 2.457743114168304405e-02 1.000466188956393790e-02 1.854722678152493850e-02 -4.034626796775497154e-02 3.836731912090302760e-02
7.535524462911177279e-01 -6.573847393068121825e-01 -2.003800186377108217e-03 3.098504985602811290e-01 -6.571768665789794461e-01 -7.532299561343620553e-01 -2.762606043686777896e-02 2.971041717219978506e-02 1.665162821187778086e-02 2.213453655132159234e-02 -9.996163191792896141e-01 6.885048020540173175e-01 0.000000000000000000e+00 0.000000000000000000e+00 0.000000000000000000e+00 1.000000000000000000e+00 1.337300365000360439e-02 2.358824971431774595e-02 9.678821947681142540e-03 1.589578184854833695e-02 -4.273199229549246025e-02 2.661368081578886075e-02
7.536994939210428512e-01 -6.572173017829063824e-01 -1.578322007754845435e-03 3.100033137363011337e-01 -6.570021492677889929e-01 -7.533866962980566573e-01 -2.750748441071315664e-02 2.994464827366698570e-02 1.688930788012731055e-02 2.176933803072709020e-02 -9.996203515340382761e-01 6.885875192994885818e-01 0.000000000000000000e+00 0.000000000000000000e+00 0.000000000000000000e+00 1.000000000000000000e+00 1.835484475904574156e-02 2.202006780467678435e-02 4.122529701170941398e-03 1.562039974080573455e-02 -3.173596310280017013e-02 1.414252553254024061e-02
7.538633108202087429e-01 -6.570303132378083610e-01 -1.129639686240330176e-03 3.101441567371789887e-01 -6.568072896196316401e-01 -7.535602995040134866e-01 -2.740546138883150074e-02 3.016641227788578045e-02 1.715496726043568704e-02 2.140192743770623351e-02 -9.996237615224262685e-01 6.886664028483360234e-01 0.000000000000000000e+00 0.000000000000000000e+00 0.000000000000000000e+00 1.000000000000000000e+00 1.601533684124430146e-02 2.319648732453642032e-02 1.003601163915125889e-02 1.611828853600909620e-02 -5.392316982768841777e-02 2.688730466934566646e-02
7.540722121742586825e-01 -6.567912421700873304e-01 -6.025241019494698147e-04 3.103270990706762378e-01 -6.565596700682174713e-01 -7.537813331025839947e-01 -2.725988822436652831e-02 3.043974937720485621e-02 1.744988442750550900e-02 2.095151724255520792e-02 -9.996281986112143247e-01 6.887566024276883248e-01 0.000000000000000000e+00 0.000000000000000000e+00 0.000000000000000000e+00 1.000000000000000000e+00 1.767227821379141472e-02 2.628321510417408816e-02 6.838718600544179196e-03 1.210830465002904477e-02 -4.317025449545504323e-02 2.845628401039969682e-02
7.542193256698066506e-01 -6.566225631312935240e-01 -1.355473078195335024e-04 3.104991401459463729e-01 -6.563836693320689308e-01 -7.539393237728806429e-01 -2.712885369971520383e-02 3.069698953430771357e-02 1.771122300552419732e-02 2.055007678286867659e-02 -9.996319357262788419e-01 6.888309055576515849e-01 0.000000000000000000e+00 0.000000000000000000e+00 0.000000000000000000e+00 1.000000000000000000e+00 1.715093935899716232e-02 2.529680542793135561e-02 6.482170141105378022e-03 1.426975639083256572e-02 -4.698751453754362178e-02 1.911159176281376076e-02
7.543158644285260506e-01 -6.565116170681168928e-01 2.707878348015280157e-04 3.106588528375393565e-01 -6.562675723075241940e-01 -7.540465813431610487e-01 -2.695601421353494703e-02 3.093487657324525686e-02 1.790112312214039644e-02 2.015563988807462723e-02 -9.996365839502217021e-01 6.888866318752516760e-01 0.000000000000000000e+00 0.000000000000000000e+00 0.000000000000000000e+00 1.000000000000000000e+00 1.985579304288851224e-02 2.537692331794767081e-02 4.385880441047287220e-03 2.518715796559630599e-02 -4.027049504675138392e-02 1.115409033600719968e-02
7.545040483629956718e-01 -6.562949541040113965e-01 7.577740191116733026e-04 3.108637692699234290e-01 -6.560457330023979905e-01 -7.542483726355130313e-01 -2.670933518503641052e-02 3.125260657819391164e-02 1.810075173015278718e-02 1.965516711437569064e-02 -9.996429548556371447e-01 6.889381862549979196e-01 0.000000000000000000e+00 0.000000000000000000e+00 0.000000000000000000e+00 1.000000000000000000e+00 1.985750653883361361e-02 3.104966850965489022e-02 3.503507779387836276e-03 2.333076901373467779e-02 -3.990586320018761624e-02 3.467779345726892948e-02
7.546721058413493610e-01 -6.561009396589194687e-01 1.252854207785814022e-03 3.110629139438847446e-01 -6.558459965289247240e-01 -7.544294623025510349e-01 -2.649934427237126550e-02 3.155569558362420618e-02 1.833143480377137299e-02 1.917663652903454918e-02 -9.996480456187909480e-01 6.889807083079592109e-01 0.000000000000000000e+00 0.000000000000000000e+00 0.000000000000000000e+00 1.000000000000000000e+00 2.042968926434320792e-02 3.039201683041236821e-02 3.638875424180647820e-03 2.327463277760389096e-02 -4.797766432421220889e-02 2.416886786924305267e-02
7.547971472319571218e-01 -6.559557440723772226e-01 1.824376318900672311e-03 3.112644807397797475e-01 -6.556935805300324605e-01 -7.545686477844806284e-01 -2.630749384502647364e-02 3.185616261115205294e-02 1.863316887179670978e-02 1.866058946427409659e-02 -9.996522332384600862e-01 6.890312183707080207e-01 0.000000000000000000e+00 0.000000000000000000e+00 0.000000000000000000e+00 1.000000000000000000e+00 2.137359743287087568e-02 2.860513069314675819e-02 5.090816902368157371e-03 2.081740956721946090e-02 -5.627876489152884576e-02 1.515439176736481375e-02
7.549375053928750745e-01 -6.557923988138557592e-01 2.385918932368363832e-03 3.114732754839352746e-01 -6.555235529193219612e-01 -7.547230285638285574e-01 -2.611554562845097918e-02 3.216565504672779657e-02 1.892708427655941453e-02 1.815157881319299019e-02 -9.996560836944756723e-01 6.890743524933140574e-01 0.000000000000000000e+00 0.000000000000000000e+00 0.000000000000000000e+00 1.000000000000000000e+00 2.118458941693592001e-02 3.142176571678101382e-02 3.841327333556319133e-03 1.540878833665420243e-02 -5.368143931794229495e-02 3.108344028324612138e-02
7.550539316170752357e-01 -6.556560288149279048e-01 2.955034388267108181e-03 3.116675006809601634e-01 -6.553801669551655440e-01 -7.548532108558883014e-01 -2.595123932252585419e-02 3.244684363793638032e-02 1.924570371320610124e-02 1.765791435006802343e-02 -9.996588422803996954e-01 6.891193483057078684e-01 0.000000000000000000e+00 0.000000000000000000e+00 0.000000000000000000e+00 1.000000000000000000e+00 2.173637805030362302e-02 3.053191419156298103e-02 7.291051869873729253e-03 2.040396535327094682e-02 -7.288047677449403794e-02 1.954524829274058295e-02
7.551948524859175560e-01 -6.554908270028263484e-01 3.537017659553998161e-03 3.119079998282239807e-01 -6.552098931724217312e-01 -7.550098285324112757e-01 -2.569347598988594786e-02 3.279533438152592434e-02 1.951232092184350397e-02 1.708609184716710153e-02 -9.996636108199762338e-01 6.891535080628283794e-01 0.000000000000000000e+00 0.000000000000000000e+00 0.000000000000000000e+00 1.000000000000000000e+00 2.107430929701076261e-02 3.104699366940395777e-02 4.601572698014838592e-03 2.302374935010490994e-02 -5.612166808337092083e-02 1.616132914640088653e-02
7.553716136301580342e-01 -6.552840677023731297e-01 4.063980462922778258e-03 3.121568060473132178e-01 -6.549993710620021226e-01 -7.552011838800103405e-01 -2.543611162525335340e-02 3.314887001351254914e-02 1.973700154919224778e-02 1.655181203562167136e-02 -9.996681890948537763e-01 6.891851439179806915e-01 0.000000000000000000e+00 0.000000000000000000e+00 0.000000000000000000e+00 1.000000000000000000e+00 2.290644607638646357e-02 3.204135015806348213e-02 4.490319058928686144e-03 2.756841871444558334e-02 -5.478588773488060615e-02 2.784016339778000101e-02
7.554662284891411339e-01 -6.551717007430396533e-01 4.562911117471979416e-03 3.123626473792913139e-01 -6.548824464432544401e-01 -7.553085947909667919e-01 -2.525684017040471380e-02 3.343891448319470661e-02 1.999397291413299721e-02 1.609251939157551811e-02 -9.996705816751541018e-01 6.892216293189390441e-01 0.000000000000000000e+00 0.000000000000000000e+00 0.000000000000000000e+00 1.000000000000000000e+00 2.341757367267226914e-02 3.347159800023272874e-02 2.194781374396066916e-03 9.381136732860768587e-03 -4.678659498020840829e-02 1.606608799925868247e-02
7.555684561781467190e-01 -6.550500421672807994e-01 5.074473885601754608e-03 3.126111637521562514e-01 -6.547585135858370320e-01 -7.554256157858535436e-01 -2.496853823172450956e-02 3.378004740495006014e-02 2.018902958136636200e-02 1.554288490620244802e-02 -9.996753582105318836e-01 6.892403914157888556e-01 0.000000000000000000e+00 0.000000000000000000e+00 0.000000000000000000e+00 1.000000000000000000e+00 2.539288044058251106e-02 3.433318496563733668e-02 2.964293703584819535e-03 2.476968995840896082e-02 -5.491637128162965564e-02 1.524988857680883991e-02
7.557040520479475498e-01 -6.548897091724102948e-01 5.554686164762068223e-03 3.128833065595045260e-01 -6.545978211555973925e-01 -7.555761052415009837e-01 -2.462603757060497639e-02 3.413796188017334532e-02 2.032432672089225928e-02 1.497391091733467176e-02 -9.996813010830910562e-01 6.892407292082205483e-01 0.000000000000000000e+00 0.000000000000000000e+00 0.000000000000000000e+00 1.000000000000000000e+00 2.619757506146299514e-02 3.758666415950191741e-02 9.859622451910540417e-04 3.679841048994371422e-02 -5.283665017824352994e-02 1.819371870161059362e-02
7.558586395954259851e-01 -6.547070616585229930e-01 6.031613665902657573e-03 3.131551279468312021e-01 -6.544142844732087072e-01 -7.557447487921290508e-01 -2.432732929320892412e-02 3.451446841960788964e-02 2.048563463430501039e-02 1.444084788316426365e-02 -9.996858509982248231e-01 6.892399356700131818e-01 0.000000000000000000e+00 0.000000000000000000e+00 0.000000000000000000e+00 1.000000000000000000e+00 2.873982183660530459e-02 3.576315141696778666e-02 -1.038248948292548948e-03 2.767449565648470722e-02 -4.413949914574069600e-02 2.152208522363390636e-02
7.559299568814334958e-01 -6.546203266755312722e-01 6.490623425749159070e-03 3.134128891434019293e-01 -6.543251766973930961e-01 -7.558283437284141204e-01 -2.412629181385894661e-02 3.488338237477314752e-02 2.069935818230635508e-02 1.399080841062971120e-02 -9.996878482060576054e-01 6.892384417917224448e-01 0.000000000000000000e+00 0.000000000000000000e+00 0.000000000000000000e+00 1.000000000000000000e+00 2.672333610635965057e-02 3.572178272224160733e-02 7.163362491034996893e-04 2.424712200881671761e-02 -4.529608958566502114e-02 5.745677203447395465e-03
7.559987714691424054e-01 -6.545370464511146569e-01 6.863844418307368800e-03 3.136877058284269770e-01 -6.542422163475759556e-01 -7.559084879654870415e-01 -2.386378365520985118e-02 3.524972724012435249e-02 2.080816872670239459e-02 1.355037434104581356e-02 -9.996916561967786885e-01 6.892150671346392032e-01 0.000000000000000000e+00 0.000000000000000000e+00 0.000000000000000000e+00 1.000000000000000000e+00 2.888832349252648535e-02 3.495011691675178889e-02 -4.285746063792196352e-03 2.690208497406807939e-02 -3.129266304238947222e-02 1.446310143123609449e-02
7.561022631785350168e-01 -6.544139639309154433e-01 7.192456362339838538e-03 3.139791872335175871e-01 -6.541193667219773467e-01 -7.560217397683149931e-01 -2.364282294755865391e-02 3.563174332569304242e-02 2.090984685589258180e-02 1.317166693766923941e-02 -9.996945961115055734e-01 6.891804738228702876e-01 0.000000000000000000e+00 0.000000000000000000e+00 0.000000000000000000e+00 1.000000000000000000e+00 2.872144318032858815e-02 3.826459215961770105e-02 -3.059788527691930000e-03 2.178789727015431610e-02 -3.595016348753932167e-02 1.614117381031870968e-02
7.561389177416646401e-01 -6.543681325716634856e-01 7.502276397050727796e-03 3.142350256019683652e-01 -6.540742469117800661e-01 -7.560678005319770856e-01 -2.341709899893795049e-02 3.597495561692105881e-02 2.099563295668189361e-02 1.279953410918140480e-02 -9.996976319484487394e-01 6.891571357248686969e-01 0.000000000000000000e+00 0.000000000000000000e+00 0.000000000000000000e+00 1.000000000000000000e+00 2.880948295955631372e-02 3.720897325840980679e-02 -1.315047532709247985e-03 3.200605118386196102e-02 -4.007701133001766169e-02 1.564077743288747047e-03
7.561969462108651951e-01 -6.542977631095741042e-01 7.785610520044811134e-03 3.145538912161916500e-01 -6.540052782371176265e-01 -7.561347423692966752e-01 -2.318075538260050417e-02 3.641230565096668231e-02 2.105408699878753148e-02 1.243738605677581488e-02 -9.997009737160019727e-01 6.891139864874782361e-01 0.000000000000000000e+00 0.000000000000000000e+00 0.000000000000000000e+00 1.000000000000000000e+00 2.884331725364012999e-02 3.940980430727378248e-02 -4.059350628807993286e-03 2.166835706512301729e-02 -2.856979004108471318e-02 1.144288634575429259e-02
7.562801896240028965e-01 -6.541981267897797325e-01 8.067570081832814433e-03 3.148510994192070811e-01 -6.539070798078826519e-01 -7.562267344044392159e-01 -2.294901194224076291e-02 3.683439270325250536e-02 2.111411280185354969e-02 1.208044191000464535e-02 -9.997040847990217305e-01 6.890802303353678049e-01 0.000000000000000000e+00 0.000000000000000000e+00 0.000000000000000000e+00 1.000000000000000000e+00 3.181388203272373510e-02 4.266831860119446596e-02 -2.201726312529018494e-03 2.113537380134019109e-02 -3.854897112623521804e-02 8.078597511235824369e-03
7.563287020513563830e-01 -6.541374914947751806e-01 8.428325707620282214e-03 3.151559282040059529e-01 -6.538470062666330573e-01 -7.562855798569614318e-01 -2.272034543270671364e-02 3.726237340098698808e-02 2.123645096225645901e-02 1.167321383950993725e-02 -9.997063314939966805e-01 6.890615208411497994e-01 0.000000000000000000e+00 0.000000000000000000e+00 0.000000000000000000e+00 1.000000000000000000e+00 3.167604859617279001e-02 4.332640482274392746e-02 -4.190455703270014320e-03 1.955373135313409616e-02 -3.007943075056325466e-02 1.377218638577869247e-02
7.563597839241830156e-01 -6.540967223217908355e-01 8.795175384994385892e-03 3.154603341931389027e-01 -6.538079360446298338e-01 -7.563276275289186890e-01 -2.244331975306620292e-02 3.771042492066881135e-02 2.133213602113395724e-02 1.122486901335689909e-02 -9.997094289284303992e-01 6.890424770410188415e-01 0.000000000000000000e+00 0.000000000000000000e+00 0.000000000000000000e+00 1.000000000000000000e+00 3.089213731820391468e-02 4.357338433283440560e-02 -2.965599628741748955e-03 2.919698697934694151e-02 -3.186208601678756219e-02 1.408740380997836050e-03
7.563326773906542400e-01 -6.541222992794357705e-01 9.214048864031681996e-03 3.157961681808339471e-01 -6.538341913763502378e-01 -7.563122138800911776e-01 -2.219651601106717442e-02 3.815024273488593770e-02 2.148793378430717549e-02 1.076349019507864997e-02 -9.997111662777913299e-01 6.890214307341793187e-01 0.000000000000000000e+00 0.000000000000000000e+00 0.000000000000000000e+00 1.000000000000000000e+00 3.398359453668550051e-02 4.487878647135763038e-02 -1.538326255433129092e-03 3.140015028070704955e-02 -4.468335728541387303e-02 4.604383520861982104e-03
7.564141438518970917e-01 -6.540221717708329940e-01 9.625061712252858115e-03 3.161334494248876359e-01 -6.537341674315648721e-01 -7.564046825414849629e-01 -2.199078356661905015e-02 3.861690160074277012e-02 2.166290177608129475e-02 1.034190801923952699e-02 -9.997118402945728288e-01 6.889988746309974044e-01 0.000000000000000000e+00 0.000000000000000000e+00 0.000000000000000000e+00 1.000000000000000000e+00 3.497624099786977858e-02 4.398333424905026545e-02 -2.260585926413200344e-03 2.256189290703248043e-02 -4.352793043885136437e-02 1.022555415266201972e-02
7.564400891665681304e-01 -6.539858271999264838e-01 1.004635870862613523e-02 3.164735460250781562e-01 -6.536967543323125573e-01 -7.564412836383233030e-01 -2.184348376532151137e-02 3.908171688961733364e-02 2.188480927663608716e-02 9.956014726461280898e-03 -9.997109246645710101e-01 6.889862629340699485e-01 0.000000000000000000e+00 0.000000000000000000e+00 0.000000000000000000e+00 1.000000000000000000e+00 3.340797370431163038e-02 4.771772440617486760e-02 -4.159212000352085353e-04 6.882677305982650047e-03 -4.391673057406657310e-02 5.204168103794343248e-03
7.564338874672336122e-01 -6.539865391643878700e-01 1.045851246568410553e-02 3.168199814699387273e-01 -6.536976472437077135e-01 -7.564460048181674834e-01 -2.165243133399920999e-02 3.954795556874569212e-02 2.207169860362440117e-02 9.541927814607715011e-03 -9.997108540644796815e-01 6.889800227034719171e-01 0.000000000000000000e+00 0.000000000000000000e+00 0.000000000000000000e+00 1.000000000000000000e+00 3.399733769220584373e-02 4.529057035948822613e-02 7.094300301127842712e-04 1.750814494279304481e-02 -4.539381572158662781e-02 7.370243894733397028e-03
7.564420739567542240e-01 -6.539696397619728652e-01 1.091324963517834035e-02 3.171815876317921057e-01 -6.536805242793044535e-01 -7.564659633959330831e-01 -2.147133906854397506e-02 4.001086682322018556e-02 2.229710577491838056e-02 9.108045512523768594e-03 -9.997098992112681826e-01 6.889732412819731255e-01 0.000000000000000000e+00 0.000000000000000000e+00 0.000000000000000000e+00 1.000000000000000000e+00 3.545725658577915385e-02 4.558977805088631347e-02 -2.386309145590848058e-04 1.726907980504401724e-02 -4.730213254684489249e-02 5.648230667375575553e-03
7.564464391484504446e-01 -6.539566350946847129e-01 1.137998748974386465e-02 3.175605431141682033e-01 -6.536676432292487515e-01 -7.564824785521178097e-01 -2.128078567074724939e-02 4.047528150715280770e-02 2.252547213154664635e-02 8.659044940518875744e-03 -9.997087696154159930e-01 6.889544514862457891e-01 0.000000000000000000e+00 0.000000000000000000e+00 0.000000000000000000e+00 1.000000000000000000e+00 3.854136304189633572e-02 4.678526469709642921e-02 -4.062481788553385514e-03 1.960430320808678045e-02 -4.288884567609721477e-02 -1.208574728958411448e-03
7.564545590050755219e-01 -6.539378307313183925e-01 1.190855569976115302e-02 3.179578200511792296e-01 -6.536488501628641146e-01 -7.565042266143917615e-01 -2.108401753287661787e-02 4.095072417659424008e-02 2.279650940829274289e-02 8.165087444638063907e-03 -9.997067822645893109e-01 6.889352241402906252e-01 0.000000000000000000e+00 0.000000000000000000e+00 0.000000000000000000e+00 1.000000000000000000e+00 3.912058762471165574e-02 4.931088048680613151e-02 8.379069185813717985e-04 2.115232629650089929e-02 -6.627538437398441951e-02 4.151951215845009480e-03
7.564933721648476883e-01 -6.538845357643473521e-01 1.236089636316359264e-02 3.183201214621302344e-01 -6.535960075156528326e-01 -7.565547910578969137e-01 -2.090710613500999793e-02 4.138881082002835582e-02 2.302252875458848935e-02 7.737054710003615082e-03 -9.997050070666639865e-01 6.889119877230938105e-01 0.000000000000000000e+00 0.000000000000000000e+00 0.000000000000000000e+00 1.000000000000000000e+00 4.081364625268616569e-02 5.094334395222828438e-02 -2.631071457583492382e-03 1.891625467711053471e-02 -5.058853351115381869e-02 1.374561066402739395e-02
7.565075630246290705e-01 -6.538563291217426299e-01 1.296950091468532240e-02 3.187490501586871527e-01 -6.535679654010941864e-01 -7.565846006497035647e-01 -2.070402524154991986e-02 4.191752002871163701e-02 2.334998261264688638e-02 7.186301355206838742e-03 -9.997015231481950481e-01 6.888970823691917822e-01 0.000000000000000000e+00 0.000000000000000000e+00 0.000000000000000000e+00 1.000000000000000000e+00 3.859354758340399066e-02 4.859421822240959921e-02 -1.341049997023564810e-03 2.266400636967096441e-02 -5.869796556008782112e-02 1.179119728789423949e-03
7.565650126672157638e-01 -6.537800605561846501e-01 1.345414534658659345e-02 3.191447717718677302e-01 -6.534927528508649441e-01 -7.566547140560166973e-01 -2.051501080199684066e-02 4.240872610680369859e-02 2.359244750452978157e-02 6.728752927484352511e-03 -9.996990148563651424e-01 6.888626539497527679e-01 0.000000000000000000e+00 0.000000000000000000e+00 0.000000000000000000e+00 1.000000000000000000e+00 3.988296809610705068e-02 5.029247187087276111e-02 -7.356223981851024371e-03 1.610729326217767710e-02 -3.675417079655043245e-02 1.200037708959225680e-02
7.566817637618676873e-01 -6.536355584622834947e-01 1.390198201438008763e-02 3.195578594544293827e-01 -6.533503893432268672e-01 -7.567834144178596789e-01 -2.030104448298119396e-02 4.289663627573427757e-02 2.379027396401937194e-02 6.278564783852502371e-03 -9.996972554173447767e-01 6.888127058926722945e-01 0.000000000000000000e+00 0.000000000000000000e+00 0.000000000000000000e+00 1.000000000000000000e+00 4.250765623506806007e-02 5.043565067609340896e-02 -7.054869272702898528e-03 2.091254227552001230e-02 -3.985582877142250513e-02 1.910914230731160235e-02
7.567407146739120183e-01 -6.535567496999621362e-01 1.438977680292108374e-02 3.199698365559564550e-01 -6.532739643811983354e-01 -7.568553459154142571e-01 -2.007766970869497014e-02 4.337310578610399647e-02 2.401287605618449006e-02 5.793123585739742148e-03 -9.996948641973864014e-01 6.887691240310258589e-01 0.000000000000000000e+00 0.000000000000000000e+00 0.000000000000000000e+00 1.000000000000000000e+00 4.181619103336490367e-02 4.663304980340801653e-02 -5.132749504861717355e-03 2.380885398590937979e-02 -4.955517061774542681e-02 5.687274692151980671e-03
7.568305934975966265e-01 -6.534421823434268806e-01 1.485823274604472499e-02 3.203753325412523889e-01 -6.531602092598687292e-01 -7.569572927950475316e-01 -1.993484196068214670e-02 4.384736787513428269e-02 2.427331427062426328e-02 5.382491862745385214e-03 -9.996908697170676650e-01 6.887209135820222539e-01 0.000000000000000000e+00 0.000000000000000000e+00 0.000000000000000000e+00 1.000000000000000000e+00 4.111864020925791452e-02 4.647211720651747702e-02 -3.206679490379921171e-03 1.474926050854833207e-02 -4.667571546416048739e-02 1.751918736292553541e-02
7.569629872278955673e-01 -6.532776481438903327e-01 1.534113433252215497e-02 3.207753033197264791e-01 -6.529959957365393253e-01 -7.571020249590111328e-01 -1.981800582830390081e-02 4.432871511264652870e-02 2.456146410673709646e-02 4.983797603499371884e-03 -9.996858987914059025e-01 6.886751048379222695e-01 0.000000000000000000e+00 0.000000000000000000e+00 0.000000000000000000e+00 1.000000000000000000e+00 4.035706461646204612e-02 4.874914187883563899e-02 -4.534499101561914255e-03 1.359558821856537286e-02 -5.246201938371623102e-02 1.911937503522027904e-02
7.570707273395030912e-01 -6.531440160983184029e-01 1.571012541628064030e-02 3.211950374263567998e-01 -6.528639303425221030e-01 -7.572194733668895505e-01 -1.968140268591510311e-02 4.478660888654900640e-02 2.475080328697056714e-02 4.643639621040524315e-03 -9.996828668871540202e-01 6.886005725819908108e-01 0.000000000000000000e+00 0.000000000000000000e+00 0.000000000000000000e+00 1.000000000000000000e+00 4.176372575869539971e-02 4.528016346769812850e-02 -7.218301844581703069e-03 1.608681851047393321e-02 -3.821858020165652681e-02 1.522999544797207228e-02
7.571302911793669210e-01 -6.530657562750985523e-01 1.608851016971210579e-02 3.216095911516921313e-01 -6.527876906730396556e-01 -7.572890812562138585e-01 -1.953146988528540323e-02 4.524031159974920002e-02 2.493898723700069958e-02 4.285486081351156523e-03 -9.996797894949359664e-01 6.885277332901686975e-01 0.000000000000000000e+00 0.000000000000000000e+00 0.000000000000000000e+00 1.000000000000000000e+00 4.100687949984267722e-02 4.737937236801308127e-02 -6.429288564118238250e-03 1.322641283872944169e-02 -3.936608969506576877e-02 1.281325403690378173e-02
7.571831614470954097e-01 -6.529958752390025989e-01 1.643310505749451256e-02 3.220224793250121564e-01 -6.527215159642190123e-01 -7.573513850488231558e-01 -1.932620402460970624e-02 4.569456536642673566e-02 2.506556638804377166e-02 3.907235016998510460e-03 -9.996781736619884118e-01 6.884535479729481100e-01 0.000000000000000000e+00 0.000000000000000000e+00 0.000000000000000000e+00 1.000000000000000000e+00 4.060971047725327882e-02 4.549612107773941261e-02 -5.533521220254187731e-03 2.074846523376474433e-02 -3.584107086270154480e-02 1.405237443691341459e-02
7.572541478396148662e-01 -6.529044536045858216e-01 1.679077255506489230e-02 3.223852610440018918e-01 -6.526319839691304692e-01 -7.574318228152999710e-01 -1.919706454666782192e-02 4.611877994088663113e-02 2.525171440151385491e-02 3.578861549322758309e-03 -9.996747184308479861e-01 6.884037514342908892e-01 0.000000000000000000e+00 0.000000000000000000e+00 0.000000000000000000e+00 1.000000000000000000e+00 4.006409014490155962e-02 4.745474509306482624e-02 -4.352328681793481840e-03 1.566739692384484448e-02 -4.582890837240174986e-02 1.773494029796700289e-02
7.574043835243013945e-01 -6.527221719867133398e-01 1.709871384405012296e-02 3.228389806202891510e-01 -6.524531626318832433e-01 -7.575904036313847456e-01 -1.901712116196593513e-02 4.664019897937161235e-02 2.536671815246439518e-02 3.247541005597660846e-03 -9.996729380590385627e-01 6.883119915535638178e-01 0.000000000000000000e+00 0.000000000000000000e+00 0.000000000000000000e+00 1.000000000000000000e+00 4.137299556351918539e-02 4.447672987828629049e-02 -6.999032868239484298e-03 1.252990651739115113e-02 -3.069074425386060859e-02 1.617224967766869165e-02
7.574743294740616806e-01 -6.526322684265262186e-01 1.742878068791373081e-02 3.232616017198902680e-01 -6.523666095296771772e-01 -7.576692463540276590e-01 -1.884462523038938145e-02 4.709708123371231930e-02 2.550386164043808024e-02 2.904365294968515657e-03 -9.996705045682096058e-01 6.882345490976606861e-01 0.000000000000000000e+00 0.000000000000000000e+00 0.000000000000000000e+00 1.000000000000000000e+00 4.194226984512942902e-02 4.300387753135121588e-02 -5.768057931434462590e-03 2.254066744753189383e-02 -4.005660218716967230e-02 2.092428045481972698e-03
7.575116285150890194e-01 -6.525796582946654656e-01 1.777420165393575613e-02 3.236885173123309478e-01 -6.523177955120522675e-01 -7.577158691649531486e-01 -1.865891941929789105e-02 4.754755352954424114e-02 2.564422591371818411e-02 2.539920395762146343e-03 -9.996679060976545461e-01 6.881645925876658243e-01 0.000000000000000000e+00 0.000000000000000000e+00 0.000000000000000000e+00 1.000000000000000000e+00 4.217696267221995865e-02 4.556463746971731177e-02 -5.251056554408373850e-03 1.846976884025351359e-02 -3.829091559250757254e-02 1.688864922108299083e-02
7.575564141225138437e-01 -6.525178008728281798e-01 1.813281461677809792e-02 3.240969496547631001e-01 -6.522589257697634091e-01 -7.577702183960127735e-01 -1.850918328109373706e-02 4.800506729930796579e-02 2.581807846282168153e-02 2.194460331639861914e-03 -9.996642492198771768e-01 6.880973404188746034e-01 0.000000000000000000e+00 0.000000000000000000e+00 0.000000000000000000e+00 1.000000000000000000e+00 3.987373928940108475e-02 4.407285129706429300e-02 -7.395655442603397620e-03 1.336782832335863674e-02 -2.904316393406050287e-02 8.143709632847204172e-03
7.575301910308892550e-01 -6.525392125420456102e-01 1.845496604471399960e-02 3.245151416114535614e-01 -6.522840645762124634e-01 -7.577526862192984769e-01 -1.834027337235976524e-02 4.844750890245916319e-02 2.595204763867346720e-02 1.855430528060393949e-03 -9.996614669981610524e-01 6.880207324766848265e-01 0.000000000000000000e+00 0.000000000000000000e+00 0.000000000000000000e+00 1.000000000000000000e+00 4.074855578063342476e-02 4.443325802912086869e-02 -7.494846619702000973e-03 1.529824400650496921e-02 -3.231716773355872152e-02 -1.137799250570795118e-03
7.574882005954515218e-01 -6.525792906004603822e-01 1.875887624738059589e-02 3.249586689087615721e-01 -6.523292206460200582e-01 -7.577189715657486335e-01 -1.812589365245753648e-02 4.889529575659774113e-02 2.604253923911450247e-02 1.493187444335648123e-03 -9.996597203755063221e-01 6.879243873119671449e-01 0.000000000000000000e+00 0.000000000000000000e+00 0.000000000000000000e+00 1.000000000000000000e+00 4.386285297699394486e-02 4.620919288727363267e-02 -8.848039312430684006e-03 1.814083101255049846e-02 -2.910471141599173944e-02 -3.321766090925853954e-04
7.575164411437067535e-01 -6.525359019245161596e-01 1.912428028793539125e-02 3.253927262063330828e-01 -6.522897723305268736e-01 -7.577569697607693389e-01 -1.795627166105803751e-02 4.934934205303068144e-02 2.620866860339172988e-02 1.127598569891656924e-03 -9.996558578888550262e-01 6.878471538196242463e-01 0.000000000000000000e+00 0.000000000000000000e+00 0.000000000000000000e+00 1.000000000000000000e+00 4.342283328729051872e-02 4.472964782470171402e-02 -8.589041074985271848e-03 1.778773195229400861e-02 -2.909116355578663868e-02 3.303897327234295300e-03
7.575009509274081010e-01 -6.525373977374668844e-01 1.967876769737633702e-02 3.258183934025743467e-01 -6.522959070812762716e-01 -7.577562683527596654e-01 -1.776196433717844997e-02 4.981372853323878802e-02 2.650205556343286639e-02 6.183252503495547531e-04 -9.996485676100362872e-01 6.878098071034594030e-01 0.000000000000000000e+00 0.000000000000000000e+00 0.000000000000000000e+00 1.000000000000000000e+00 4.184917999509067676e-02 4.544963568947882337e-02 -1.002050346342365367e-03 1.381959164696730524e-02 -6.621137617249103768e-02 -3.613954212197956206e-04
7.574067224552324396e-01 -6.526326990888855484e-01 2.013993196559155097e-02 3.262703673047322450e-01 -6.523955708424934441e-01 -7.576744193251441217e-01 -1.759242579641895343e-02 5.027464118180834107e-02 2.674090358831533731e-02 1.854191510814642146e-04 -9.996423809017995765e-01 6.877421964581366121e-01 0.000000000000000000e+00 0.000000000000000000e+00 0.000000000000000000e+00 1.000000000000000000e+00 4.691824860286569060e-02 4.600787534962803155e-02 -6.285362893835820530e-03 1.478013104559268778e-02 -4.498305267125599083e-02 -1.517496367569197424e-02
7.573729633126105032e-01 -6.526583067994949916e-01 2.057496072149242461e-02 3.267418858910865476e-01 -6.524247549249884148e-01 -7.576523573198038486e-01 -1.745979979304409027e-02 5.074334456456694453e-02 2.698395086238738680e-02 -2.000333982081908824e-04 -9.996358468875032877e-01 6.876762412068467833e-01 0.000000000000000000e+00 0.000000000000000000e+00 0.000000000000000000e+00 1.000000000000000000e+00 4.632941912987226241e-02 4.562543811984109965e-02 -4.855956853363686820e-03 8.578884359283117308e-03 -4.978422064471359210e-02 2.078798718226845810e-03
7.573325962005629242e-01 -6.526879415139900109e-01 2.111373331142019083e-02 3.272064710004289334e-01 -6.524583716329040994e-01 -7.576265696312908249e-01 -1.732207478513849222e-02 5.119672233994710525e-02 2.730223467510461965e-02 -6.572601868513865825e-04 -9.996270084340419526e-01 6.876487692567639920e-01 0.000000000000000000e+00 0.000000000000000000e+00 0.000000000000000000e+00 1.000000000000000000e+00 4.409025386746604630e-02 4.502921557700781396e-02 -2.525339453112571478e-03 9.591234181629522751e-03 -4.800682633052383991e-02 -5.119418883268389564e-03
7.573068487280797401e-01 -6.527045352866567285e-01 2.152037373687842869e-02 3.276665607777554667e-01 -6.524779333524420855e-01 -7.576119044706470795e-01 -1.722639522608955878e-02 5.164606566110729186e-02 2.754783762242554723e-02 -9.959018971962170508e-04 -9.996199902071484233e-01 6.876109161120322888e-01 0.000000000000000000e+00 0.000000000000000000e+00 0.000000000000000000e+00 1.000000000000000000e+00 4.610154549930432777e-02 4.586777335206736889e-02 -3.015744375245866388e-03 9.129246759226329958e-03 -4.158395682593929443e-02 -3.567512978771697485e-04
7.572267913753673030e-01 -6.527832967478748305e-01 2.194433663480355179e-02 3.281277953991140750e-01 -6.525602049062720900e-01 -7.575434809555109394e-01 -1.711880353562056367e-02 5.209330583043381840e-02 2.779865816995012034e-02 -1.357184137476284691e-03 -9.996126212964536739e-01 6.875984058466237947e-01 0.000000000000000000e+00 0.000000000000000000e+00 0.000000000000000000e+00 1.000000000000000000e+00 4.767089433941648635e-02 4.437394847916815294e-02 -1.818538172799350969e-03 1.439681229044491480e-02 -3.729398644592757384e-02 -1.500413620633338219e-02
