7.193141202349351282e-01 -6.945564401458833581e-01 1.336218105398595535e-02 3.095912232194035774e-01 -6.941748286891487041e-01 -7.193899287749903060e-01 -2.448341462102944510e-02 -8.161252159086168634e-02 2.661773177850343397e-02 8.335576104408748063e-03 -9.996109315758683334e-01 3.731611555047443796e-01 0.000000000000000000e+00 0.000000000000000000e+00 0.000000000000000000e+00 1.000000000000000000e+00 4.663675295015091288e-03 -1.288985676376157427e-03 1.454439139050276407e-02 -8.243503826349408287e-03 -3.357788765038387940e-02 -8.567029421241317312e-04
7.193099107575112727e-01 -6.945554081403446656e-01 1.363954944346418285e-02 3.096295156671317050e-01 -6.941695122100444149e-01 -7.193925229588629122e-01 -2.455781401002109232e-02 -8.162220121024461872e-02 2.686895241892088906e-02 8.196519620013371574e-03 -9.996053603607917282e-01 3.732867713382627128e-01 0.000000000000000000e+00 0.000000000000000000e+00 0.000000000000000000e+00 1.000000000000000000e+00 4.242642272638353328e-03 -1.365330083642926021e-03 1.312253298701465155e-02 -6.991127775079332071e-03 -2.845321639361299976e-02 3.303744424627645931e-05
7.193019738109978078e-01 -6.945591713678466173e-01 1.386462911197766656e-02 3.096667248959616425e-01 -6.941696225205364890e-01 -7.193901113007218351e-01 -2.462524989580634760e-02 -8.163135557328562997e-02 2.707777024236614899e-02 8.088586498593843335e-03 -9.996006048053174275e-01 3.734104711817936018e-01 0.000000000000000000e+00 0.000000000000000000e+00 0.000000000000000000e+00 1.000000000000000000e+00 4.715037886342126477e-03 -1.402888125751178706e-03 1.493094390299819392e-02 -8.151765205332159314e-03 -3.134186860724816337e-02 -1.632367909908914727e-03
7.192963435708179532e-01 -6.945608515518962855e-01 1.407102047318242732e-02 3.097077359547082964e-01 -6.941680692134089004e-01 -7.193896258433799540e-01 -2.468315039555801782e-02 -8.164233320023640827e-02 2.726649611115955149e-02 7.986846713602084244e-03 -9.995962927449227875e-01 3.735438306818407717e-01 0.000000000000000000e+00 0.000000000000000000e+00 0.000000000000000000e+00 1.000000000000000000e+00 4.721257684265931648e-03 -2.094054985673294428e-03 1.383483919133529465e-02 -5.458087362939175596e-03 -2.298507265152396201e-02 -7.980359012088795480e-04
7.192916204857726648e-01 -6.945613086741493358e-01 1.428821863649454293e-02 3.097481966970038747e-01 -6.941651564032433885e-01 -7.193903710484657044e-01 -2.474327541800885877e-02 -8.165071243096801157e-02 2.746452866174652063e-02 7.879247147019444175e-03 -9.995917252207444648e-01 3.736786764855008491e-01 0.000000000000000000e+00 0.000000000000000000e+00 0.000000000000000000e+00 1.000000000000000000e+00 3.075022828038583619e-03 -8.786193676295077533e-04 1.196611512289007251e-02 -3.580877076790692400e-03 -1.582797589794076448e-02 -1.158249409442999988e-03
7.192875697435744398e-01 -6.945603732349541204e-01 1.453547192572496316e-02 3.097907095136673283e-01 -6.941602767891673631e-01 -7.193925706789943142e-01 -2.481611129598203236e-02 -8.166071368173286049e-02 2.769299803865683807e-02 7.759973169350731226e-03 -9.995863547868395482e-01 3.738198955573363014e-01 0.000000000000000000e+00 0.000000000000000000e+00 0.000000000000000000e+00 1.000000000000000000e+00 2.044755193174150817e-03 -4.249209880094083000e-04 1.203062224545302199e-02 -5.544911073498153334e-03 -1.816287653144500400e-02 2.089283713449323321e-04
7.192915357916801478e-01 -6.945509086531015397e-01 1.478924702603434671e-02 3.098355917641134605e-01 -6.941467828196334899e-01 -7.194030168950147353e-01 -2.489062440967873546e-02 -8.166817226755054837e-02 2.792723472882029101e-02 7.637707215005009112e-03 -9.995807796215869789e-01 3.739594975625101791e-01 0.000000000000000000e+00 0.000000000000000000e+00 0.000000000000000000e+00 1.000000000000000000e+00 4.292225117766157276e-03 -7.361708465550035815e-04 1.457603883463798669e-02 -7.794828375288503572e-03 -2.808846172104733155e-02 2.023968875844466952e-03
7.192925691881357775e-01 -6.945451045121928679e-01 1.500992034882275838e-02 3.098749100649890176e-01 -6.941374504608541773e-01 -7.194097327462027902e-01 -2.495668843701784323e-02 -8.167465956842580310e-02 2.813182856545521152e-02 7.532212701738020058e-03 -9.995758430421273211e-01 3.740906096497549904e-01 0.000000000000000000e+00 0.000000000000000000e+00 0.000000000000000000e+00 1.000000000000000000e+00 4.290254652513694408e-03 -1.056973224494638054e-03 1.319207889779197215e-02 -5.891792791389511945e-03 -2.238449660989541914e-02 2.031690280813819739e-03
7.192855626253951140e-01 -6.945465084889220764e-01 1.527831615447788893e-02 3.099164137439658351e-01 -6.941345762258642749e-01 -7.194097122492253416e-01 -2.503709266721014515e-02 -8.168318732774129676e-02 2.838079432306998134e-02 7.403611776305173836e-03 -9.995697659724693818e-01 3.742401918505792180e-01 0.000000000000000000e+00 0.000000000000000000e+00 0.000000000000000000e+00 1.000000000000000000e+00 3.835693903014768258e-03 -1.527907049960416886e-03 1.506071435976508860e-02 -5.628995659747057685e-03 -2.538957004846647408e-02 -2.363384391350663305e-03
7.192919871193221848e-01 -6.945340791993945828e-01 1.553866456893721049e-02 3.099513174353890621e-01 -6.941178481593750504e-01 -7.194229384380496084e-01 -2.512067904657569462e-02 -8.168830188549655591e-02 2.862603941406510755e-02 7.283438735337087813e-03 -9.995636554955633635e-01 3.743825464598703467e-01 0.000000000000000000e+00 0.000000000000000000e+00 0.000000000000000000e+00 1.000000000000000000e+00 4.373305108539107464e-03 -5.289270563717180570e-04 1.508681533700348236e-02 -7.425514889276356792e-03 -2.705138908081518648e-02 3.446444211904780945e-03
7.192709075332559543e-01 -6.945480469534712764e-01 1.588622199910322275e-02 3.099952716125181640e-01 -6.941267264303147000e-01 -7.194112260495160172e-01 -2.521062254421733984e-02 -8.170075086096760530e-02 2.893871509623674454e-02 7.106216085274875971e-03 -9.995559276306293928e-01 3.745610503596675245e-01 0.000000000000000000e+00 0.000000000000000000e+00 0.000000000000000000e+00 1.000000000000000000e+00 4.228511329612568911e-03 -1.651940529756353547e-03 1.666992756980317097e-02 -8.534724744363919938e-03 -3.606801144124500980e-02 -2.268401297194118892e-03
7.192702715361452004e-01 -6.945417781146547842e-01 1.618625767909864788e-02 3.100325546147893463e-01 -6.941158236411747451e-01 -7.194187032564389739e-01 -2.529728791308942515e-02 -8.170661917012851660e-02 2.921471983870729816e-02 6.960449565779952899e-03 -9.995489244086996905e-01 3.747197074389299609e-01 0.000000000000000000e+00 0.000000000000000000e+00 0.000000000000000000e+00 1.000000000000000000e+00 4.067082197899160242e-03 -1.039262274647477936e-03 1.669066403931512496e-02 -7.447920644209769965e-03 -3.056172158093587235e-02 -4.341553154016020589e-04
7.192659829833847329e-01 -6.945382099272835452e-01 1.652636299825810395e-02 3.100725698533122188e-01 -6.941071285626372322e-01 -7.194237523597890593e-01 -2.539209757171441428e-02 -8.171336850814980846e-02 2.952524007482441870e-02 6.792605653624338852e-03 -9.995409549923195414e-01 3.748975431801531144e-01 0.000000000000000000e+00 0.000000000000000000e+00 0.000000000000000000e+00 1.000000000000000000e+00 4.562843804901479255e-03 -7.998305661799033801e-04 1.754875704067626607e-02 -7.960893798222744983e-03 -2.983338179508611063e-02 1.645868176929618076e-03
7.192629884619029523e-01 -6.945344727041738997e-01 1.681129544049386748e-02 3.101010481168782196e-01 -6.940987871884523042e-01 -7.194286001730574309e-01 -2.548259948581496626e-02 -8.171703087266722620e-02 2.979307054286225304e-02 6.659990883631608169e-03 -9.995339001099752263e-01 3.750663006511232300e-01 0.000000000000000000e+00 0.000000000000000000e+00 0.000000000000000000e+00 1.000000000000000000e+00 1.832417035690334182e-03 -4.873704963854842481e-04 1.706079177697836929e-02 -8.115441621488233420e-03 -2.711268717677580570e-02 -5.649503222483307115e-04
7.192729128574094632e-01 -6.945177941076641215e-01 1.707367849768748336e-02 3.101291388982887476e-01 -6.940777023087788544e-01 -7.194457782017598113e-01 -2.557176930583010543e-02 -8.171524391138407228e-02 3.004363472325068118e-02 6.542621453888336838e-03 -9.995271752769541163e-01 3.752341345561566177e-01 0.000000000000000000e+00 0.000000000000000000e+00 0.000000000000000000e+00 1.000000000000000000e+00 1.678924167514732595e-03 3.330973235992697483e-04 1.502651361334455572e-02 -7.743772966424223095e-03 -2.032906656056375147e-02 1.128859522769432196e-03
7.192848817000444539e-01 -6.944981501205592656e-01 1.736601384526786918e-02 3.101526570398474014e-01 -6.940529640010718593e-01 -7.194658766682856532e-01 -2.567752852713775513e-02 -8.170851205278001350e-02 3.032725043718434779e-02 6.416524686799917124e-03 -9.995194275710022058e-01 3.754075044057046950e-01 0.000000000000000000e+00 0.000000000000000000e+00 0.000000000000000000e+00 1.000000000000000000e+00 1.876309926012878189e-03 1.550665021989095123e-03 1.682884616814303569e-02 -1.179486278528880765e-02 -2.961591795701295007e-02 4.184561900119832673e-03
7.192959382355318398e-01 -6.944805486736858047e-01 1.761024564740887310e-02 3.101651804707813431e-01 -6.940309341397550291e-01 -7.194837615600790937e-01 -2.577167647744434131e-02 -8.170025946730272159e-02 3.056821380069106586e-02 6.315406974644128396e-03 -9.995127312544747067e-01 3.755652236269213518e-01 0.000000000000000000e+00 0.000000000000000000e+00 0.000000000000000000e+00 1.000000000000000000e+00 2.085411900056992601e-03 1.992618126360428451e-03 1.574220653343741047e-02 -1.232208839609549161e-02 -2.572119498602513585e-02 6.042213181539563167e-03
7.193181171880985714e-01 -6.944518098657737060e-01 1.783620080399578312e-02 3.101723675953353410e-01 -6.939979019220873235e-01 -7.195122715495430032e-01 -2.586509650779540703e-02 -8.168887685929129838e-02 3.079542843848829051e-02 6.226946584641651627e-03 -9.995063114975923924e-01 3.757168574402284245e-01 0.000000000000000000e+00 0.000000000000000000e+00 0.000000000000000000e+00 1.000000000000000000e+00 -6.194534998860475473e-04 1.155738911223491315e-03 1.359732334237341231e-02 -8.400115023114313947e-03 -1.830305425004569858e-02 4.756392330594959306e-03
7.193436697284767423e-01 -6.944190979288547005e-01 1.807764512441023541e-02 3.101741752963528276e-01 -6.939605963235202513e-01 -7.195446528788835838e-01 -2.596503925880455643e-02 -8.167082313828745443e-02 3.103829202569785561e-02 6.132613234411672665e-03 -9.994993824325478782e-01 3.758694189792878837e-01 0.000000000000000000e+00 0.000000000000000000e+00 0.000000000000000000e+00 1.000000000000000000e+00 -3.889930771158673153e-04 1.393876187815973767e-03 1.572114674162886777e-02 -9.297986779809447322e-03 -2.569440777183866834e-02 4.205937229526358727e-03
7.193709828405226991e-01 -6.943844306237796360e-01 1.832079568004618686e-02 3.101716466417484552e-01 -6.939208577165468794e-01 -7.195788250719821200e-01 -2.607983385602492821e-02 -8.165010874399764029e-02 3.129268721271026565e-02 6.047893460978885638e-03 -9.994919663067294291e-01 3.760137879848649556e-01 0.000000000000000000e+00 0.000000000000000000e+00 0.000000000000000000e+00 1.000000000000000000e+00 -5.510394242806168456e-04 2.064917985067166173e-03 1.238080692921158729e-02 -1.074358123241445258e-02 -1.949114557552875104e-02 8.131610847022517283e-03
7.193943020428276158e-01 -6.943546719795204991e-01 1.853180208521321148e-02 3.101661671019168010e-01 -6.938867555703842616e-01 -7.196081669350729015e-01 -2.617740484369147913e-02 -8.162870821124425247e-02 3.151203948206046657e-02 5.972903863038800040e-03 -9.994855255515830983e-01 3.761360925999887028e-01 0.000000000000000000e+00 0.000000000000000000e+00 0.000000000000000000e+00 1.000000000000000000e+00 -1.120338394340005981e-03 1.241172270321472693e-03 1.257496469543230820e-02 -9.645739190566061591e-03 -2.369339519335405403e-02 2.479987932804887489e-03
7.194273039814326198e-01 -6.943130396701797657e-01 1.880843507479668109e-02 3.101544411229267828e-01 -6.938395416787014325e-01 -7.196491666254896113e-01 -2.630147102973535989e-02 -8.159946663774551856e-02 3.179692892555974898e-02 5.871960421677745526e-03 -9.994771009841640907e-01 3.762894431732117795e-01 0.000000000000000000e+00 0.000000000000000000e+00 0.000000000000000000e+00 1.000000000000000000e+00 -5.103144619210057790e-04 1.983972956911390050e-03 1.569068055191889452e-02 -1.281498920797721590e-02 -3.117230051923695552e-02 4.908379231370337860e-03
7.194737269498526766e-01 -6.942597607011187222e-01 1.899844467618150290e-02 3.101282976427013893e-01 -6.937816868456867514e-01 -7.197009868689910883e-01 -2.640947741537733040e-02 -8.156281532190891304e-02 3.200823685306521810e-02 5.820152147953830055e-03 -9.994706592004254375e-01 3.764079863419157457e-01 0.000000000000000000e+00 0.000000000000000000e+00 0.000000000000000000e+00 1.000000000000000000e+00 -2.163998804119347374e-03 4.685705992795601016e-03 1.270491375067797461e-02 -1.103191142933139871e-02 -2.289457817501676373e-02 5.143651649299360758e-03
7.195081170347146227e-01 -6.942194509646951728e-01 1.916829213666526588e-02 3.100919794922839534e-01 -6.937369150186216693e-01 -7.197401798168772125e-01 -2.651728299835949543e-02 -8.152522091391085912e-02 3.220500367342241793e-02 5.781648505960483922e-03 -9.994645617924372560e-01 3.765219351547802740e-01 0.000000000000000000e+00 0.000000000000000000e+00 0.000000000000000000e+00 1.000000000000000000e+00 -3.708965605757334749e-03 5.113293325535411653e-03 1.106078698351195544e-02 -1.267699930713943150e-02 -1.274449879410665711e-02 9.876060276552271408e-03
7.195420032108653663e-01 -6.941805596345911322e-01 1.930430627347884398e-02 3.100540509966170921e-01 -6.936941159034255566e-01 -7.197778774381016209e-01 -2.661354376376533215e-02 -8.148661261825150548e-02 3.236941729872984397e-02 5.758278918809952088e-03 -9.994593853917395077e-01 3.766223342375754624e-01 0.000000000000000000e+00 0.000000000000000000e+00 0.000000000000000000e+00 1.000000000000000000e+00 -4.321231031927909999e-03 4.260586301662858122e-03 1.110354460016955459e-02 -8.606968524264494227e-03 -1.723448090615187223e-02 1.971920117601728105e-03
7.195495101844359143e-01 -6.941659663226343868e-01 1.954772602380483448e-02 3.100091422004691566e-01 -6.936736290538990657e-01 -7.197924988077732955e-01 -2.675172920122254050e-02 -8.144198008020110680e-02 3.264044651245230633e-02 5.689451592642313579e-03 -9.994509649762930437e-01 3.767606606330362595e-01 0.000000000000000000e+00 0.000000000000000000e+00 0.000000000000000000e+00 1.000000000000000000e+00 -3.794576975773522771e-03 4.598686941967517275e-03 1.274029840015968550e-02 -1.248135786881276847e-02 -2.236621919144448148e-02 6.207970028905612433e-03
7.196062275914394402e-01 -6.941010059694106005e-01 1.976539207477784332e-02 3.099729550936298761e-01 -6.936025920480248796e-01 -7.198554737540207027e-01 -2.689872135689035104e-02 -8.139131639700131204e-02 3.289865522903152872e-02 5.647160226753766832e-03 -9.994427387627040638e-01 3.769019779438627649e-01 0.000000000000000000e+00 0.000000000000000000e+00 0.000000000000000000e+00 1.000000000000000000e+00 -3.748542280992104257e-03 5.749355865477784322e-03 1.432135049121550929e-02 -1.659273358045237901e-02 -1.998587422372023054e-02 5.019406991324559461e-03
7.196485822450234826e-01 -6.940519781281887512e-01 1.994416528903536490e-02 3.099324785565319429e-01 -6.935486031000733798e-01 -7.199030257172934766e-01 -2.701793295244757365e-02 -8.134815322287905492e-02 3.310971474756354421e-02 5.611169168212418873e-03 -9.994359717210006266e-01 3.770474631412679134e-01 0.000000000000000000e+00 0.000000000000000000e+00 0.000000000000000000e+00 1.000000000000000000e+00 -3.609028407517116208e-03 3.802391700951501287e-03 1.610490654901845786e-02 -1.252477757359021608e-02 -2.084948389943117389e-02 7.110705277982914616e-03
7.197162624699259270e-01 -6.939754449502033573e-01 2.016391188455179950e-02 3.098818550584697684e-01 -6.934655479810204470e-01 -7.199770747100244783e-01 -2.717619648476210514e-02 -8.128724908584702979e-02 3.337716734091710630e-02 5.576172357699679671e-03 -9.994272714920948708e-01 3.772184157788351366e-01 0.000000000000000000e+00 0.000000000000000000e+00 0.000000000000000000e+00 1.000000000000000000e+00 -4.317115758375712764e-03 4.746856336285895650e-03 1.609670081282683213e-02 -1.360577508186285381e-02 -2.011669275480108821e-02 3.823320341386063359e-03
7.197845721035026623e-01 -6.938993286851657949e-01 2.034432137117891948e-02 3.098355028598568373e-01 -6.933840242530642239e-01 -7.200506475660661820e-01 -2.730677297512248969e-02 -8.123423506199262123e-02 3.359709321360522527e-02 5.548566478380386954e-03 -9.994200562014110556e-01 3.773562042219402168e-01 0.000000000000000000e+00 0.000000000000000000e+00 0.000000000000000000e+00 1.000000000000000000e+00 -5.429066863037244721e-03 5.885274602349598386e-03 1.519646364312605274e-02 -1.493139509853653665e-02 -1.920599787584058651e-02 1.211290671677923286e-02
7.198488227288349917e-01 -6.938277920959519118e-01 2.051017628317919339e-02 3.097848066768503772e-01 -6.933068203751528991e-01 -7.201196631463175901e-01 -2.744674063217177051e-02 -8.117099940358812882e-02 3.381309268916469352e-02 5.537658827587665922e-03 -9.994128321657189673e-01 3.775037193449352624e-01 0.000000000000000000e+00 0.000000000000000000e+00 0.000000000000000000e+00 1.000000000000000000e+00 -5.452324127493814697e-03 5.976829881929914857e-03 1.439273009666930565e-02 -1.480958117494228336e-02 -1.468629513787563477e-02 7.909000544750469791e-03
7.198956934835779586e-01 -6.937722561358147244e-01 2.074239909027314477e-02 3.097322766706150921e-01 -6.932443455630137308e-01 -7.201734662891334793e-01 -2.761260215921770844e-02 -8.110061959442882440e-02 3.409498274977571658e-02 5.498642497552887545e-03 -9.994034706173362537e-01 3.776709071430157105e-01 0.000000000000000000e+00 0.000000000000000000e+00 0.000000000000000000e+00 1.000000000000000000e+00 -5.359626523652190333e-03 8.572234758635915997e-03 1.409915946002659320e-02 -1.838353820879488204e-02 -1.760950433653615810e-02 1.476559046562221644e-02
7.198996721856120162e-01 -6.937611054068549832e-01 2.097595317755007738e-02 3.096734864818562194e-01 -6.932258642062045784e-01 -7.201844698770852871e-01 -2.778903638887794680e-02 -8.102435339308489137e-02 3.438550832267964208e-02 5.464244917651309152e-03 -9.993937056260013829e-01 3.778584568716528702e-01 0.000000000000000000e+00 0.000000000000000000e+00 0.000000000000000000e+00 1.000000000000000000e+00 -6.063775015932693947e-03 6.879074362445806654e-03 1.592406258672441829e-02 -1.152541019073532319e-02 -1.495277909625074113e-02 -5.476158763493060508e-03
7.199687217794715766e-01 -6.936829673276411201e-01 2.118915993503972528e-02 3.096241545200332235e-01 -6.931399674700707836e-01 -7.202597883836975301e-01 -2.797896947817665736e-02 -8.095172405156203510e-02 3.467023442123119692e-02 5.456929263818084686e-03 -9.993839085997864302e-01 3.780258181297666553e-01 0.000000000000000000e+00 0.000000000000000000e+00 0.000000000000000000e+00 1.000000000000000000e+00 -5.320821061328928799e-03 9.578476876984957575e-03 1.837693986561823520e-02 -2.412231331488065220e-02 -1.906207710140949904e-02 1.659843208173232554e-02
7.200622595216941146e-01 -6.935788921101344595e-01 2.141641500790603114e-02 3.095603892593018491e-01 -6.930271928641835721e-01 -7.203600032411109355e-01 -2.819176619610966328e-02 -8.085623677110864715e-02 3.498074274943389905e-02 5.457668892934499499e-03 -9.993730842317860574e-01 3.782187616495832350e-01 0.000000000000000000e+00 0.000000000000000000e+00 0.000000000000000000e+00 1.000000000000000000e+00 -7.510256397336122214e-03 9.801140490554806697e-03 1.870961683528395147e-02 -2.036982958396195073e-02 -1.498249406502907659e-02 7.794841704565010770e-03
7.200822712023871031e-01 -6.935518204527522101e-01 2.161932114302977936e-02 3.094863915940638810e-01 -6.929940260343732117e-01 -7.203863488162964845e-01 -2.833351936832929907e-02 -8.076134171084181634e-02 3.522502775985232593e-02 5.420404578865120962e-03 -9.993647065178554723e-01 3.784190671088960012e-01 0.000000000000000000e+00 0.000000000000000000e+00 0.000000000000000000e+00 1.000000000000000000e+00 -8.686408379140113031e-03 9.586452461012563708e-03 2.073508434522570998e-02 -1.064503033830872802e-02 -1.565512156550520964e-02 -2.273167236800238689e-04
7.201725201729518577e-01 -6.934544383076851615e-01 2.173667819865388040e-02 3.094164165666475896e-01 -6.928899671049288944e-01 -7.204797458855021208e-01 -2.850314463516216701e-02 -8.066392969460114970e-02 3.542646853794020195e-02 5.466055262723104602e-03 -9.993573372757089679e-01 3.786041017912502582e-01 0.000000000000000000e+00 0.000000000000000000e+00 0.000000000000000000e+00 1.000000000000000000e+00 -8.502037821722274041e-03 1.096923136216212610e-02 2.039920676964240148e-02 -1.985254510748264700e-02 -7.826331006106385102e-03 1.265617339612850820e-02
7.203125076272358651e-01 -6.933065962439024510e-01 2.181410003777467521e-02 3.093149493820698259e-01 -6.927352748100589208e-01 -7.206213816580743226e-01 -2.868210820425158569e-02 -8.053102474437384695e-02 3.560520172103764924e-02 5.548684700238207604e-03 -9.993505299485767601e-01 3.788285717983232437e-01 0.000000000000000000e+00 0.000000000000000000e+00 0.000000000000000000e+00 1.000000000000000000e+00 -8.375710290651790582e-03 1.156937427743625658e-02 2.342104335525816913e-02 -1.240075963865115531e-02 -1.255365855908550411e-02 9.196937317858425859e-03
7.203436631598728601e-01 -6.932728347644534495e-01 2.185825983637829095e-02 3.092103596133098931e-01 -6.926973211433848920e-01 -7.206534713439782802e-01 -2.879228231058175713e-02 -8.041145903671693962e-02 3.571313800542015582e-02 5.599180076822357979e-03 -9.993463968796171271e-01 3.790387714960790078e-01 0.000000000000000000e+00 0.000000000000000000e+00 0.000000000000000000e+00 1.000000000000000000e+00 -9.561517008273633794e-03 1.361458992057263534e-02 2.131012139995248217e-02 -1.418348451516659829e-02 -7.725894600448176934e-03 7.094828318629897712e-03
7.204308471298028760e-01 -6.931852797581904424e-01 2.176148961800189463e-02 3.090965605354564771e-01 -6.926054623387846165e-01 -7.207363598597507082e-01 -2.892703086378572985e-02 -8.027503051475430584e-02 3.573608879429159002e-02 5.767798772090241763e-03 -9.993446174643716429e-01 3.792399627947732332e-01 0.000000000000000000e+00 0.000000000000000000e+00 0.000000000000000000e+00 1.000000000000000000e+00 -1.257878727010664638e-02 1.241815606381229016e-02 1.950828977950785220e-02 -1.075567491772960564e-02 1.453558816038504065e-02 1.060709481388237216e-02
7.205205959473682809e-01 -6.930950311656314256e-01 2.166445450874310286e-02 3.089797052848893832e-01 -6.925101754194065151e-01 -7.208216516612937497e-01 -2.908269995834628086e-02 -8.013763498877454761e-02 3.577328271534395421e-02 5.951829113530661061e-03 -9.993422076415923172e-01 3.794599119374822971e-01 0.000000000000000000e+00 0.000000000000000000e+00 0.000000000000000000e+00 1.000000000000000000e+00 -1.268492392725655178e-02 1.464154368053575787e-02 2.087348765597848640e-02 -1.312897625816631525e-02 1.379150484321954064e-02 1.402113379293095687e-02
7.205052410326440171e-01 -6.931093983187279761e-01 2.171542324577030447e-02 3.088629922624147595e-01 -6.925183326105827097e-01 -7.208071485305687087e-01 -2.924745502584703838e-02 -8.000601056835622560e-02 3.592431826423699709e-02 6.034615934895409470e-03 -9.993362931304798913e-01 3.797140112161612180e-01 0.000000000000000000e+00 0.000000000000000000e+00 0.000000000000000000e+00 1.000000000000000000e+00 -1.178634153451731809e-02 1.354137694598297678e-02 2.587348145748568501e-02 -1.221763404804490118e-02 -7.724977031925711266e-03 1.948542659995972093e-03
7.204793540418552578e-01 -6.931356925308453931e-01 2.173504403530129858e-02 3.087408720486283231e-01 -6.925369265798709817e-01 -7.207807032423213522e-01 -2.945815942673714327e-02 -7.986350950921286551e-02 3.608470205970290556e-02 6.171675079751779563e-03 -9.993296776859841302e-01 3.799767592756372325e-01 0.000000000000000000e+00 0.000000000000000000e+00 0.000000000000000000e+00 1.000000000000000000e+00 -1.088956978133373034e-02 1.454444332210702746e-02 2.889712607132812611e-02 -2.651519097542515135e-02 -1.331265172305858349e-02 -5.122305835713193700e-03
7.204541973803459953e-01 -6.931630227709220105e-01 2.169731181782441620e-02 3.086045208987268085e-01 -6.925579641652771512e-01 -7.207530741823086062e-01 -2.963903385737226559e-02 -7.971475499940794407e-02 3.618308649477500888e-02 6.326920248430286525e-03 -9.993251494543113900e-01 3.802475094425654123e-01 0.000000000000000000e+00 0.000000000000000000e+00 0.000000000000000000e+00 1.000000000000000000e+00 -1.494341442656502497e-02 1.492375647551860175e-02 2.609174177134144373e-02 -1.411051509805245040e-02 9.756012482775536232e-03 -6.695139895138528530e-04
7.204634773713367579e-01 -6.931542828416876745e-01 2.166836293371132705e-02 3.084591510112570933e-01 -6.925425843935023584e-01 -7.207600914352915167e-01 -2.982715869402843833e-02 -7.955031345067177517e-02 3.629251404311943652e-02 6.483114407117601674e-03 -9.993201802485600638e-01 3.805452679892108447e-01 0.000000000000000000e+00 0.000000000000000000e+00 0.000000000000000000e+00 1.000000000000000000e+00 -1.540401412378543736e-02 1.731739539033165867e-02 3.010539329878460582e-02 -2.414750440984842622e-02 5.287964831001896668e-03 5.666478230745335132e-03
7.204228542010495673e-01 -6.931982918394323789e-01 2.161109288550672192e-02 3.083101486344869135e-01 -6.925822950303168746e-01 -7.207165787985653216e-01 -2.995626237417371718e-02 -7.938156185632777584e-02 3.634110283621137805e-02 6.613715732040167244e-03 -9.993175586413277633e-01 3.808354001842424452e-01 0.000000000000000000e+00 0.000000000000000000e+00 0.000000000000000000e+00 1.000000000000000000e+00 -1.439671939563214043e-02 1.895727294034314434e-02 3.057792129425784128e-02 -2.009197995344577659e-02 1.903333332211990230e-03 4.955007509795661402e-03
7.203900805637205584e-01 -6.932332773540467175e-01 2.158135756535300986e-02 3.081578751381204295e-01 -6.926133669065434040e-01 -7.206819970855131707e-01 -3.006963683216574978e-02 -7.919375839758853453e-02 3.639856876002336983e-02 6.714331374292574831e-03 -9.993147962210997548e-01 3.811498159185385814e-01 0.000000000000000000e+00 0.000000000000000000e+00 0.000000000000000000e+00 1.000000000000000000e+00 -1.607344482384945664e-02 1.820188018420117876e-02 3.142064047639365337e-02 -4.735608585599984828e-03 3.414621995244186171e-03 -1.203398884401297997e-02
7.203338791959799092e-01 -6.932902632505464346e-01 2.162668177182369700e-02 3.080029088481217592e-01 -6.926637919931591947e-01 -7.206263358374190853e-01 -3.024161634557585854e-02 -7.899515710034814286e-02 3.655097459889748712e-02 6.804041411064483055e-03 -9.993086266396118411e-01 3.814930184844040340e-01 0.000000000000000000e+00 0.000000000000000000e+00 0.000000000000000000e+00 1.000000000000000000e+00 -1.569197661125201759e-02 1.931342538700959663e-02 3.502674440363921782e-02 -2.181395609138353855e-02 -4.007036874503456039e-03 -3.633779149129039154e-03
7.203209422548370044e-01 -6.933029916537203352e-01 2.164952454684915262e-02 3.078519102713039857e-01 -6.926685492297097735e-01 -7.206127803415131039e-01 -3.045491284642036500e-02 -7.878365412339724538e-02 3.671540626375346950e-02 6.941366758443413137e-03 -9.993016543418768993e-01 3.818310535576951437e-01 0.000000000000000000e+00 0.000000000000000000e+00 0.000000000000000000e+00 1.000000000000000000e+00 -1.562909609209484074e-02 2.020012637027136099e-02 3.105498807274705009e-02 -1.984853833849968205e-02 1.088033939296105361e-02 2.656193733816751557e-03
7.202963979614148693e-01 -6.933253037559852228e-01 2.175137364586021693e-02 3.077073951115174566e-01 -6.926826520554842936e-01 -7.205905854668289701e-01 -3.065863137769840596e-02 -7.857221049515576705e-02 3.693023998286385640e-02 7.016502564918656107e-03 -9.992932132595341299e-01 3.821745378809153770e-01 0.000000000000000000e+00 0.000000000000000000e+00 0.000000000000000000e+00 1.000000000000000000e+00 -1.373838756457427049e-02 2.056930743407903162e-02 3.425944009863887696e-02 -2.194851148592450243e-02 -1.443691278042383286e-02 -5.485208973817393141e-03
7.202680731102450995e-01 -6.933469509626546401e-01 2.199791919352778180e-02 3.075645824659288263e-01 -6.926930746626160929e-01 -7.205696359289615049e-01 -3.091446411722829912e-02 -7.835785251623317293e-02 3.728548206079967953e-02 7.028895218607333906e-03 -9.992799344825750163e-01 3.825469891179771875e-01 0.000000000000000000e+00 0.000000000000000000e+00 0.000000000000000000e+00 1.000000000000000000e+00 -1.502864151445135361e-02 2.170733827685382422e-02 3.878663935139913671e-02 -2.664417912087111914e-02 -2.682882471223164977e-02 -2.560296566379245686e-03
7.202645710763893039e-01 -6.933451102616030592e-01 2.216992847236981534e-02 3.074179931410832567e-01 -6.926796623730024915e-01 -7.205706217173397654e-01 -3.119077512197414304e-02 -7.813700494353806314e-02 3.760097055885436301e-02 7.108951695694231895e-03 -9.992675466654665772e-01 3.829077972966700161e-01 0.000000000000000000e+00 0.000000000000000000e+00 0.000000000000000000e+00 1.000000000000000000e+00 -1.554615622211041534e-02 2.103511118874509811e-02 3.381223914061810137e-02 -2.028183002817695452e-02 -1.171902573074630818e-02 -1.176375497440972778e-02
7.202995477766940269e-01 -6.933013109477317304e-01 2.240209166230738846e-02 3.072825903724201724e-01 -6.926216928026628361e-01 -7.206119758502915751e-01 -3.152096001571805250e-02 -7.790706297660872359e-02 3.799673843718301414e-02 7.188358595341207483e-03 -9.992520079383582221e-01 3.832844967451255469e-01 0.000000000000000000e+00 0.000000000000000000e+00 0.000000000000000000e+00 1.000000000000000000e+00 -1.467881896953102810e-02 2.252940222949000385e-02 3.899169922226871504e-02 -3.468654728055999698e-02 -2.614795902634496974e-02 -2.409143057696058743e-04
7.202328531868094075e-01 -6.933616188792022239e-01 2.267824189834755089e-02 3.071436294966977121e-01 -6.926675757975562231e-01 -7.205535460381272683e-01 -3.184676954759289857e-02 -7.769501959479499509e-02 3.842221530735669827e-02 7.228606856966668034e-03 -9.992354480370392311e-01 3.836729700927056230e-01 0.000000000000000000e+00 0.000000000000000000e+00 0.000000000000000000e+00 1.000000000000000000e+00 -1.442335965392755291e-02 2.009870824379163257e-02 3.850552889608621632e-02 -2.458859767003857694e-02 -2.817603128947343549e-02 -2.069218402909673432e-02
7.202380387732763012e-01 -6.933498612687791773e-01 2.287219671542656263e-02 3.069989307449374483e-01 -6.926412556007573995e-01 -7.205637336047260311e-01 -3.218690499914478309e-02 -7.747324877656810993e-02 3.879766157683797734e-02 7.340006279445183621e-03 -9.992201287824356015e-01 3.840669357925276528e-01 0.000000000000000000e+00 0.000000000000000000e+00 0.000000000000000000e+00 1.000000000000000000e+00 -1.447941323640062651e-02 2.384682772938719747e-02 3.875948379896580753e-02 -3.700881743268386731e-02 -1.587013594652540022e-02 1.275889994071705003e-02
7.202172401375370736e-01 -6.933627846939085515e-01 2.313386716866355775e-02 3.068378311512456325e-01 -6.926370595390114460e-01 -7.205502902413253308e-01 -3.257580369374712959e-02 -7.724316380533405302e-02 3.925596466552337682e-02 7.438281700103563376e-03 -9.992015018020785622e-01 3.845272309920821918e-01 0.000000000000000000e+00 0.000000000000000000e+00 0.000000000000000000e+00 1.000000000000000000e+00 -1.356671413857175532e-02 2.166171227844813571e-02 4.573309376329129372e-02 -3.713207136175528111e-02 -3.669566609477265678e-02 4.678567585007925578e-04
7.201503911185769269e-01 -6.934262235018573417e-01 2.331280188464673886e-02 3.066906127635192769e-01 -6.926880311547599645e-01 -7.204884472434806009e-01 -3.285861962439660944e-02 -7.705833922795314594e-02 3.958163294639337193e-02 7.514648935948838038e-03 -9.991880825873906691e-01 3.849318561832099084e-01 0.000000000000000000e+00 0.000000000000000000e+00 0.000000000000000000e+00 1.000000000000000000e+00 -1.653177618732237439e-02 2.112104079531232012e-02 4.520796791071477611e-02 -3.244208349830372123e-02 -2.231228459267722841e-02 -6.697624231454736565e-03
7.201141216204874906e-01 -6.934617853842506285e-01 2.337528725900822613e-02 3.065221557611845782e-01 -6.927122911909449066e-01 -7.204526233237213972e-01 -3.313154356440077553e-02 -7.685490258979753297e-02 3.981624637940341105e-02 7.666143597375310939e-03 -9.991776102208249632e-01 3.853653341195718562e-01 0.000000000000000000e+00 0.000000000000000000e+00 0.000000000000000000e+00 1.000000000000000000e+00 -1.718500246054262964e-02 2.078223137564413209e-02 4.252519391500898110e-02 -2.791598172342684911e-02 -5.593780709824036808e-03 -3.187171402266611442e-03
7.200566584131340431e-01 -6.935165338423232573e-01 2.352075598787040089e-02 3.063598124653521548e-01 -6.927559843624477853e-01 -7.203991131609271958e-01 -3.338059147117694581e-02 -7.666292423677709134e-02 4.009432384923360126e-02 7.741772683263578592e-03 -9.991659072200139713e-01 3.858267999951029426e-01 0.000000000000000000e+00 0.000000000000000000e+00 0.000000000000000000e+00 1.000000000000000000e+00 -1.647875331337738877e-02 1.962422669566484673e-02 4.845432314782512073e-02 -2.589807324372695244e-02 -2.002196704832338164e-02 -8.320871021218034791e-03
7.200137875363241680e-01 -6.935572493965455054e-01 2.363234154914067853e-02 3.061838960373653440e-01 -6.927868014512168493e-01 -7.203590243134730953e-01 -3.360541362836168278e-02 -7.646525486062047405e-02 4.033104874150154895e-02 7.824186835649567240e-03 -9.991557379146513984e-01 3.862968767397479963e-01 0.000000000000000000e+00 0.000000000000000000e+00 0.000000000000000000e+00 1.000000000000000000e+00 -1.760003556520216283e-02 2.021390549937672476e-02 4.590137915325838425e-02 -2.277625400794618810e-02 -6.728888882603365970e-03 -2.646831995706665219e-03
7.200254048505967397e-01 -6.935459841931080893e-01 2.360898514014031502e-02 3.060061697750640075e-01 -6.927688931968759567e-01 -7.203683521856607541e-01 -3.377421780132466855e-02 -7.625982429392516582e-02 4.043113884755051429e-02 7.962724340874707818e-03 -9.991505982746350378e-01 3.867501612242303932e-01 0.000000000000000000e+00 0.000000000000000000e+00 0.000000000000000000e+00 1.000000000000000000e+00 -1.719532362525907909e-02 2.065556659603467321e-02 4.550644579366321107e-02 -1.910584457601294597e-02 3.656932125977058537e-03 8.907313799124960685e-04
7.200626977544444252e-01 -6.935015566909711326e-01 2.377608398772484977e-02 3.058425877952483107e-01 -6.927154748473834944e-01 -7.204108769336594609e-01 -3.396232180872822692e-02 -7.605542901067996464e-02 4.068147255883789587e-02 7.984939754029373588e-03 -9.991402596870816444e-01 3.872293388334848707e-01 0.000000000000000000e+00 0.000000000000000000e+00 0.000000000000000000e+00 1.000000000000000000e+00 -1.656436590340659709e-02 2.096056537984843787e-02 4.891818399181911692e-02 -2.135508024323908363e-02 -2.303306740130066713e-02 2.304656032683628786e-03
7.200951721074345668e-01 -6.934618181238717538e-01 2.395098978953441593e-02 3.056790473358813598e-01 -6.926667340290346697e-01 -7.204489648258664003e-01 -3.414798165174869060e-02 -7.584937968829189026e-02 4.093578724190715529e-02 7.999742850357975665e-03 -9.991297540546038025e-01 3.876881421237772241e-01 0.000000000000000000e+00 0.000000000000000000e+00 0.000000000000000000e+00 1.000000000000000000e+00 -1.622514736025839482e-02 1.990217296945170911e-02 4.664343807656301522e-02 -2.032613515827142239e-02 -2.177197817886735928e-02 -4.009931222922896721e-04
7.200383672798765788e-01 -6.935128093527201942e-01 2.418125117993719098e-02 3.055239284986939752e-01 -6.927079341926808409e-01 -7.204001330148710469e-01 -3.434190237399124823e-02 -7.565419618304737581e-02 4.123672576039633803e-02 7.976942763604919634e-03 -9.991175610671190199e-01 3.881474615437371933e-01 0.000000000000000000e+00 0.000000000000000000e+00 0.000000000000000000e+00 1.000000000000000000e+00 -1.632485640531636945e-02 1.779473086908671398e-02 4.636444266207945947e-02 -1.722012517312798002e-02 -2.645702444765011749e-02 -1.522915809667954590e-02
7.200427430506968207e-01 -6.934921096930231066e-01 2.464025108533651753e-02 3.053770751478235290e-01 -6.926728934985217911e-01 -7.204215037922132581e-01 -3.459941453481153728e-02 -7.545221943074863213e-02 4.174578772060572041e-02 7.845423333783730496e-03 -9.990974619827137637e-01 3.886582152704051163e-01 0.000000000000000000e+00 0.000000000000000000e+00 0.000000000000000000e+00 1.000000000000000000e+00 -1.460932464603516626e-02 2.021833239234768070e-02 5.270301141215794072e-02 -2.874761830315376160e-02 -5.289547128295371548e-02 5.505406520574560036e-03
7.200532399975407838e-01 -6.934692508100686048e-01 2.497458207790442808e-02 3.052197103852225535e-01 -6.926383268046681918e-01 -7.204443158870272867e-01 -3.481574280843184599e-02 -7.526217249945163501e-02 4.213644278143945793e-02 7.770835669046922273e-03 -9.990816454638384858e-01 3.891274578464468670e-01 0.000000000000000000e+00 0.000000000000000000e+00 0.000000000000000000e+00 1.000000000000000000e+00 -1.522432504400705357e-02 1.753033503914695063e-02 4.717790357326528961e-02 -2.158952394881787432e-02 -3.817849338981666590e-02 -7.618846831631748140e-03
7.200270515980622399e-01 -6.934857824320783681e-01 2.526884507787646728e-02 3.050866196475447434e-01 -6.926450415781169045e-01 -7.204292246594692362e-01 -3.499397996519866549e-02 -7.509933582450292744e-02 4.247224204407314824e-02 7.694271968426851654e-03 -9.990680191231353646e-01 3.895481062993276788e-01 0.000000000000000000e+00 0.000000000000000000e+00 0.000000000000000000e+00 1.000000000000000000e+00 -1.458878798119792736e-02 1.873251637441560036e-02 4.754687641006510868e-02 -1.972123274725422898e-02 -3.268754609672804706e-02 6.377899793253011262e-04
7.200277788881220831e-01 -6.934717766815369222e-01 2.562991563759353664e-02 3.049138811444404018e-01 -6.926192739373545626e-01 -7.204437450582418245e-01 -3.520442553070628200e-02 -7.490116729158598219e-02 4.287818792730624384e-02 7.596390761921166523e-03 -9.990514280293396610e-01 3.900719958127407683e-01 0.000000000000000000e+00 0.000000000000000000e+00 0.000000000000000000e+00 1.000000000000000000e+00 -1.667677623767498118e-02 1.687880846029882198e-02 4.771467531728615374e-02 -1.771123830481855996e-02 -2.933180483698849539e-02 -1.582288645456633724e-03
7.199960744977331739e-01 -6.934978266476576891e-01 2.581505651416809988e-02 3.047401952602022956e-01 -6.926381116607787103e-01 -7.204190106417338590e-01 -3.533971393455355436e-02 -7.472867115736388233e-02 4.310567228156022418e-02 7.563963310361812575e-03 -9.990418847456767892e-01 3.905419074837858662e-01 0.000000000000000000e+00 0.000000000000000000e+00 0.000000000000000000e+00 1.000000000000000000e+00 -1.540573717408682403e-02 1.637763505976601308e-02 5.081993021276273725e-02 -1.408759982712511939e-02 -2.778895317287233963e-02 -7.311112143558937126e-04
7.200936977506890990e-01 -6.933929071070037420e-01 2.591028431795378006e-02 3.045591589823470891e-01 -6.925271237754485609e-01 -7.205196961196375094e-01 -3.546195622028844308e-02 -7.454778868260418523e-02 4.325793909843254903e-02 7.592356509223942285e-03 -9.990350878861028461e-01 3.910097731872168580e-01 0.000000000000000000e+00 0.000000000000000000e+00 0.000000000000000000e+00 1.000000000000000000e+00 -1.851691155266947317e-02 1.860020155841983144e-02 4.640520001636477126e-02 -1.329509603124581774e-02 -8.523746841879870084e-03 1.365893171249214083e-02
7.201195914982148061e-01 -6.933652126819995765e-01 2.593175240683842642e-02 3.043715003860978374e-01 -6.924958174633816244e-01 -7.205458830444577689e-01 -3.554114831298144095e-02 -7.438261201627059671e-02 4.332801329586856431e-02 7.636247123290029748e-03 -9.990317167105883245e-01 3.914768185886835505e-01 0.000000000000000000e+00 0.000000000000000000e+00 0.000000000000000000e+00 1.000000000000000000e+00 -1.900454875281917463e-02 1.461487565902360938e-02 4.719987331607564118e-02 -6.407757253249816987e-03 -1.632750034442680348e-03 -4.187768048393263054e-03
