6.918734113739253289e-01 -7.220122677744973405e-01 -3.076981789819466240e-03 3.514307428742290407e-01 -7.214750224528687639e-01 -6.911806664619966067e-01 -4.175018905086053111e-02 1.063808902807976686e-01 2.801739835244691085e-02 3.110581123002233855e-02 -9.991233426846168886e-01 3.115762950346344651e-01 0.000000000000000000e+00 0.000000000000000000e+00 0.000000000000000000e+00 1.000000000000000000e+00 8.143512384348768193e-04 5.578645687312334917e-05 1.310905348681368080e-03 8.268999100493456406e-04 -2.978918828892527636e-03 1.319169204378971023e-03
6.918751834244705190e-01 -7.220105949251943711e-01 -3.071054724692823257e-03 3.514313684477083921e-01 -7.214731316505001990e-01 -6.911825641116660091e-01 -4.175144757302327869e-02 1.063840432732170160e-01 2.802232802204612100e-02 3.110247391751681800e-02 -9.991233083300754547e-01 3.115778326112600416e-01 0.000000000000000000e+00 0.000000000000000000e+00 0.000000000000000000e+00 1.000000000000000000e+00 -1.552638598075900826e-04 4.325100347780881692e-04 -2.160080631198472219e-04 -7.851571019091716170e-04 7.219001420276722125e-04 1.039226140857744170e-03
6.918774173928736726e-01 -7.220084961972594861e-01 -3.061163298385738418e-03 3.514335869354160979e-01 -7.214707769329572473e-01 -6.911851285656908095e-01 -4.174968360819945878e-02 1.063823719327830070e-01 2.802779573071208230e-02 3.109420313501571470e-02 -9.991234123960243130e-01 3.115804029522007967e-01 0.000000000000000000e+00 0.000000000000000000e+00 0.000000000000000000e+00 1.000000000000000000e+00 3.667289304259332148e-04 -8.385082611337869190e-05 4.942368767019393464e-04 5.582339412115184391e-04 -9.740630858247081815e-04 1.497321635826412596e-03
6.918726634341063608e-01 -7.220131152606741320e-01 -3.046142506953064544e-03 3.514371499314721259e-01 -7.214750686716271399e-01 -6.911809591604536340e-01 -4.174454430589084886e-02 1.063825124059104982e-01 2.803467277973824973e-02 3.107962492714733127e-02 -9.991236730437933478e-01 3.115832502218714439e-01 0.000000000000000000e+00 0.000000000000000000e+00 0.000000000000000000e+00 1.000000000000000000e+00 9.990545940506984773e-04 3.280267083164445938e-04 1.267628725923162537e-03 1.346358978558406371e-03 -7.231298690918331815e-03 2.494763449968696086e-03
6.918625440879057065e-01 -7.220228376512251023e-01 -3.040065506450306820e-03 3.514402142233227777e-01 -7.214847186035800997e-01 -6.911711575049941381e-01 -4.174005096690054650e-02 1.063794545438827011e-01 2.803606444784398355e-02 3.107173865877643423e-02 -9.991238792797403345e-01 3.115857087294517380e-01 0.000000000000000000e+00 0.000000000000000000e+00 0.000000000000000000e+00 1.000000000000000000e+00 1.582137090356211615e-04 2.152790371040955088e-04 3.177233040523511206e-04 6.539384892413570207e-04 -9.606647852900847663e-04 -2.843342092802290705e-04
6.918510881524824185e-01 -7.220339027228667161e-01 -3.019129181006108276e-03 3.514462559523049423e-01 -7.214953011769109636e-01 -6.911604953195988887e-01 -4.173368051353211483e-02 1.063766179699010134e-01 2.804642939599678517e-02 3.105177979363729635e-02 -9.991242088798484300e-01 3.115910538946131125e-01 0.000000000000000000e+00 0.000000000000000000e+00 0.000000000000000000e+00 1.000000000000000000e+00 6.471939765143174417e-04 -4.568314005544800373e-04 8.631482170695042953e-04 9.404026531235750927e-04 -2.696373468887699239e-03 -1.253659970983480752e-03
6.918497239768244267e-01 -7.220353480672969670e-01 -2.985895934079052516e-03 3.514526180080241313e-01 -7.214958176408933221e-01 -6.911601796874492498e-01 -4.172997892536707554e-02 1.063767279713102865e-01 2.806678748789228836e-02 3.102518582942291603e-02 -9.991244633599756231e-01 3.115997499094793066e-01 0.000000000000000000e+00 0.000000000000000000e+00 0.000000000000000000e+00 1.000000000000000000e+00 3.080721470536893218e-04 -5.470137096820670754e-04 2.720638719623267926e-04 4.422224849789516739e-04 -1.209057205840035048e-03 -1.616316893976395969e-03
6.918449225469444075e-01 -7.220401515407809390e-01 -2.936444955830952441e-03 3.514645291603178401e-01 -7.214994062484813009e-01 -6.911571270898233532e-01 -4.171849057709048347e-02 1.063788388107798355e-01 2.809288039880547191e-02 3.098136917419604466e-02 -9.991250896834643624e-01 3.116170214425395546e-01 0.000000000000000000e+00 0.000000000000000000e+00 0.000000000000000000e+00 1.000000000000000000e+00 1.556358045691396286e-03 5.381004591221118715e-04 2.852344063118785519e-03 9.349397152273606010e-04 -7.806273176970142391e-03 1.192428439951155519e-03
6.918415519604191877e-01 -7.220436618086203406e-01 -2.866604785730586524e-03 3.514905461262488595e-01 -7.215014064852346420e-01 -6.911564431307068990e-01 -4.169522225313497532e-02 1.063885224263090151e-01 2.812449858801085306e-02 3.091474665768535052e-02 -9.991262638016600306e-01 3.116482632821885312e-01 0.000000000000000000e+00 0.000000000000000000e+00 0.000000000000000000e+00 1.000000000000000000e+00 2.312759849729717314e-03 7.887095788366805865e-04 3.140954778146346459e-03 2.100002270064694684e-03 -6.847415786952477067e-03 -2.220548481729002748e-03
6.918429429791740359e-01 -7.220427284051790240e-01 -2.764164814167691109e-03 3.515227340730789907e-01 -7.214981736040124716e-01 -6.911616614689040095e-01 -4.166465170402977591e-02 1.063982814924296083e-01 2.817317404889513321e-02 3.081973511808065030e-02 -9.991278277534172414e-01 3.116874310136290571e-01 0.000000000000000000e+00 0.000000000000000000e+00 0.000000000000000000e+00 1.000000000000000000e+00 2.185479497993834258e-03 1.182012123141849228e-03 2.872020597842283359e-03 2.254404288424775599e-03 -7.764571086069104594e-03 2.938509429521265950e-03
6.918360133285519353e-01 -7.220498472604631734e-01 -2.636044915664881305e-03 3.515650713300019214e-01 -7.215024749358647238e-01 -6.911595832135594142e-01 -4.162462244250549059e-02 1.064103017552582575e-01 2.823312457164246780e-02 3.069932577762338188e-02 -9.991298424497796482e-01 3.117394785773783816e-01 0.000000000000000000e+00 0.000000000000000000e+00 0.000000000000000000e+00 1.000000000000000000e+00 4.025162911780080788e-03 1.284682052129606285e-03 5.143412902232072891e-03 3.673775115323677041e-03 -1.318452591171538450e-02 -4.137442028697910766e-04
6.918373986198280701e-01 -7.220489684212745285e-01 -2.510193761928625200e-03 3.516081686272433116e-01 -7.214988575720838737e-01 -6.911657349459593425e-01 -4.158515791469293010e-02 1.064253022383741254e-01 2.829156045761973409e-02 3.058126940441185937e-02 -9.991318099072251657e-01 3.117929627616088384e-01 0.000000000000000000e+00 0.000000000000000000e+00 0.000000000000000000e+00 1.000000000000000000e+00 4.386364326479257059e-03 8.618970646257435907e-04 5.091694023674254305e-03 3.768550014299539268e-03 -1.194516650002567029e-02 8.915204294702384815e-04
6.918440460327771602e-01 -7.220430026666295742e-01 -2.391290269633195020e-03 3.516483736621361378e-01 -7.214902932264553037e-01 -6.911768496911271376e-01 -4.154899795485532399e-02 1.064453667519031366e-01 2.834735876585121189e-02 3.047071957152197932e-02 -9.991336059305552242e-01 3.118447030941704501e-01 0.000000000000000000e+00 0.000000000000000000e+00 0.000000000000000000e+00 1.000000000000000000e+00 2.935547938402685575e-03 1.392567022608073770e-03 4.239111723548661358e-03 3.475587073422203247e-03 -1.032679294549787054e-02 1.250250659716179748e-03
6.918542826530493794e-01 -7.220337001902140672e-01 -2.233240753453047400e-03 3.516967244400051040e-01 -7.214774593588777485e-01 -6.911929185338441251e-01 -4.150451789535168634e-02 1.064706879451829402e-01 2.842406043642382515e-02 3.032631132028721505e-02 -9.991358204118254704e-01 3.119084562941589756e-01 0.000000000000000000e+00 0.000000000000000000e+00 0.000000000000000000e+00 1.000000000000000000e+00 5.344463503766032179e-03 3.040068483677172036e-03 7.395629487524488579e-03 4.601314014459774969e-03 -1.803770517677379809e-02 1.378159825803291095e-03
6.918815328963991984e-01 -7.220079933094220026e-01 -2.098102530950884947e-03 3.517393127070918002e-01 -7.214487820638454396e-01 -6.912251578547472519e-01 -4.146608261306439225e-02 1.064978955097612145e-01 2.848858184470930144e-02 3.020329031713547829e-02 -9.991377092065418797e-01 3.119640304127788144e-01 0.000000000000000000e+00 0.000000000000000000e+00 0.000000000000000000e+00 1.000000000000000000e+00 4.881735600367333866e-03 4.001646066936983930e-03 6.604359793099354170e-03 4.575938331052468305e-03 -1.581105043042705868e-02 7.958414525606114648e-03
6.918997806463149658e-01 -7.219910334935841778e-01 -1.908165728685407014e-03 3.517980276924719818e-01 -7.214276112777942007e-01 -6.912503873736680626e-01 -4.141380979540390528e-02 1.065302028971372578e-01 2.858137903596353474e-02 3.003080935673556676e-02 -9.991402580527830590e-01 3.120415294876414114e-01 0.000000000000000000e+00 0.000000000000000000e+00 0.000000000000000000e+00 1.000000000000000000e+00 5.793390751001408455e-03 2.681427783582164114e-03 7.611553140097062492e-03 5.179720279238074140e-03 -1.870890814877465558e-02 2.881367459813958740e-03
6.919048753395304896e-01 -7.219866067816224087e-01 -1.727168013854585293e-03 3.518530721636208836e-01 -7.214192488001288650e-01 -6.912622081154647935e-01 -4.136214564054668807e-02 1.065540265786130147e-01 2.866898920518205426e-02 2.986468247430449155e-02 -9.991427274412109094e-01 3.121132766823835336e-01 0.000000000000000000e+00 0.000000000000000000e+00 0.000000000000000000e+00 1.000000000000000000e+00 5.583688914573894761e-03 1.868017220807252068e-03 6.335342550065168644e-03 5.766086392736456331e-03 -1.861361944703203777e-02 -5.377420597368318166e-04
6.919125213002229602e-01 -7.219796927552806221e-01 -1.544706107793281102e-03 3.519143906133855304e-01 -7.214084613015309122e-01 -6.912766986434248917e-01 -4.130808486489088993e-02 1.065795097821602561e-01 2.875577908049343351e-02 2.969594520533631529e-02 -9.991452627160054556e-01 3.121929680089479131e-01 0.000000000000000000e+00 0.000000000000000000e+00 0.000000000000000000e+00 1.000000000000000000e+00 6.005714847467414491e-03 2.998565625175076983e-03 7.740139296318377868e-03 5.602539410629789850e-03 -1.867091179765625192e-02 3.030887365271000417e-03
6.919054771887896971e-01 -7.219867829779708090e-01 -1.376895520203813561e-03 3.519686192431356608e-01 -7.214119726281162936e-01 -6.912759302371795922e-01 -4.125959310914234512e-02 1.065957918531518916e-01 2.883706616428138858e-02 2.954104737212964044e-02 -9.991475116994459338e-01 3.122605272588687697e-01 0.000000000000000000e+00 0.000000000000000000e+00 0.000000000000000000e+00 1.000000000000000000e+00 5.814964307777992052e-03 8.924365744098870920e-04 6.931840845235320847e-03 5.427221507205077719e-03 -1.693042956466237273e-02 -3.567217907490712048e-03
6.919104010028732654e-01 -7.219824193363560960e-01 -1.176075365538764572e-03 3.520362833588106533e-01 -7.214035964114020594e-01 -6.912885841516982488e-01 -4.119398628726390899e-02 1.066250783388860424e-01 2.892832640748850895e-02 2.935097256927812759e-02 -9.991504753241622350e-01 3.123451160018780870e-01 0.000000000000000000e+00 0.000000000000000000e+00 0.000000000000000000e+00 1.000000000000000000e+00 6.371120654469380681e-03 2.568878248665431695e-03 7.804802026732020684e-03 5.766312143933378237e-03 -1.849908689454643484e-02 -7.709006443608018393e-04
6.919287127306523733e-01 -7.219651591071147845e-01 -9.826160698576669184e-04 3.520968938238269730e-01 -7.213823379324874052e-01 -6.913141501545339018e-01 -4.113718895564934253e-02 1.066579761048125352e-01 2.902032077632302892e-02 2.917284407720393755e-02 -9.991530243914024112e-01 3.124242980468104336e-01 0.000000000000000000e+00 0.000000000000000000e+00 0.000000000000000000e+00 1.000000000000000000e+00 6.673626609156885735e-03 2.328811704480311835e-03 8.147230083570969686e-03 5.949177613234889021e-03 -1.965541726883284282e-02 -1.987185879331883169e-03
6.919489788667179120e-01 -7.219459662375639075e-01 -7.952852421989620169e-04 3.521569582593268577e-01 -7.213593032789918924e-01 -6.913414359369755013e-01 -4.108253314302995340e-02 1.066872396848271703e-01 2.910955544411026816e-02 2.900070326579828189e-02 -9.991554398550483995e-01 3.125023296976949250e-01 0.000000000000000000e+00 0.000000000000000000e+00 0.000000000000000000e+00 1.000000000000000000e+00 7.871676150055647789e-03 3.547555753022876672e-03 1.011127349827633387e-02 7.229710048938920060e-03 -2.388462783439489201e-02 3.305694810031417890e-03
6.919573615434548852e-01 -7.219381050180547765e-01 -6.183273894588836583e-04 3.522099456950309460e-01 -7.213477651434661020e-01 -6.913563929955369725e-01 -4.103339599311414676e-02 1.067132179623759280e-01 2.919608755205780476e-02 2.883938950707603394e-02 -9.991575842100742788e-01 3.125744839521787388e-01 0.000000000000000000e+00 0.000000000000000000e+00 0.000000000000000000e+00 1.000000000000000000e+00 6.313232891564635706e-03 2.940919041538677184e-03 8.233362937617057925e-03 5.482526218384962610e-03 -1.946526186434730660e-02 1.669573968217359303e-03
6.919645081599360426e-01 -7.219314078789614841e-01 -4.022000477330034407e-04 3.522796989871351814e-01 -7.213367756306947598e-01 -6.913717347255373680e-01 -4.096804297637536563e-02 1.067417861273293050e-01 2.929804719927262685e-02 2.863855339401295830e-02 -9.991603763609762101e-01 3.126633939215524016e-01 0.000000000000000000e+00 0.000000000000000000e+00 0.000000000000000000e+00 1.000000000000000000e+00 7.481019714743770456e-03 3.298805143314967672e-03 9.315941776870846625e-03 7.244921009083638008e-03 -2.254833543793442058e-02 3.156006726360717930e-03
6.919675194513525973e-01 -7.219286067303377630e-01 -1.969993284729465444e-04 3.523466650509052833e-01 -7.213298918770634227e-01 -6.913824892710220826e-01 -4.090770849154473643e-02 1.067657254718993587e-01 2.939624310972731996e-02 2.844890707564047549e-02 -9.991629099287240301e-01 3.127478862960798578e-01 0.000000000000000000e+00 0.000000000000000000e+00 0.000000000000000000e+00 1.000000000000000000e+00 7.363127319314504218e-03 2.051858578876014551e-03 8.754436797786971022e-03 7.271823188816631776e-03 -2.074197894595165154e-02 1.128379193798968944e-03
6.919669785004355367e-01 -7.219291519916490873e-01 -1.302291768040531039e-05 3.524067438231375249e-01 -7.213269234146687525e-01 -6.913890072800596975e-01 -4.084984907465258330e-02 1.067925135648513518e-01 2.948169299932384968e-02 2.827614041753048757e-02 -9.991652964654955671e-01 3.128242321400962478e-01 0.000000000000000000e+00 0.000000000000000000e+00 0.000000000000000000e+00 1.000000000000000000e+00 8.096060716366575843e-03 3.435057981650197368e-03 9.953123031468898152e-03 7.921113880248806596e-03 -2.398395056665485192e-02 -4.347113642718144870e-04
6.919951550423665276e-01 -7.219021186348321129e-01 1.910717979541898259e-04 3.524708885285899873e-01 -7.212958269833203984e-01 -6.914247779856332876e-01 -4.079345981852512681e-02 1.068267199308439996e-01 2.958099684491798109e-02 2.809105726131624556e-02 -9.991675821040244543e-01 3.129085510504200363e-01 0.000000000000000000e+00 0.000000000000000000e+00 0.000000000000000000e+00 1.000000000000000000e+00 6.247922482844213768e-03 3.043167879452279932e-03 8.178020977955171092e-03 5.272110847648623158e-03 -1.910425832072386657e-02 4.398010719906737462e-03
6.920245755523994902e-01 -7.218738169222749246e-01 4.234071173294107204e-04 3.525455303789832850e-01 -7.212631019139083000e-01 -6.914629997167538455e-01 -4.072416776602852395e-02 1.068724684615538073e-01 2.969048078169607072e-02 2.787673698219318014e-02 -9.991703372729685562e-01 3.130053782864569145e-01 0.000000000000000000e+00 0.000000000000000000e+00 0.000000000000000000e+00 1.000000000000000000e+00 8.566761529937084660e-03 4.643835539263376812e-03 1.069469679559429884e-02 8.129651416497019056e-03 -2.492607368734077108e-02 4.905409635488361918e-03
6.920634953905452358e-01 -7.218363443761378617e-01 6.405353340025454756e-04 3.526157143883584810e-01 -7.212214409342037058e-01 -6.915100375731115800e-01 -4.066326440934933673e-02 1.069164772296831295e-01 2.979515874452798307e-02 2.767959308456571788e-02 -9.991727021101313166e-01 3.130978723284700838e-01 0.000000000000000000e+00 0.000000000000000000e+00 0.000000000000000000e+00 1.000000000000000000e+00 7.057306817126587917e-03 3.810055705481791601e-03 9.235094612033260125e-03 6.341233312030115227e-03 -2.186733153102333321e-02 5.486485122104672874e-03
6.920826156991883860e-01 -7.218177871543980384e-01 8.574348359191574787e-04 3.526854390734168732e-01 -7.211988598485915558e-01 -6.915374109058353147e-01 -4.059820033875366496e-02 1.069556995057339283e-01 2.989745139742217006e-02 2.747892765706489576e-02 -9.991751853077398549e-01 3.131878088769806112e-01 0.000000000000000000e+00 0.000000000000000000e+00 0.000000000000000000e+00 1.000000000000000000e+00 7.336569052700158723e-03 4.396038502265396490e-03 9.496549963857372351e-03 6.801105927993097294e-03 -2.220692173440510023e-02 4.357638896002115868e-03
6.921011193677883977e-01 -7.217997743330274441e-01 1.061292911948008566e-03 3.527538436144119771e-01 -7.211771276449984169e-01 -6.915636941863281262e-01 -4.053649522428755259e-02 1.069916793256477094e-01 2.999318475194320474e-02 2.728997354614767085e-02 -9.991774948487811558e-01 3.132743818059002816e-01 0.000000000000000000e+00 0.000000000000000000e+00 0.000000000000000000e+00 1.000000000000000000e+00 7.689043971478181326e-03 3.841636015184841935e-03 9.541223562190595878e-03 6.942607258198439137e-03 -2.307526916973741751e-02 1.094270961021912274e-03
6.921205450823023630e-01 -7.217808023250855687e-01 1.274546951880728418e-03 3.528211779018162741e-01 -7.211542912822965778e-01 -6.915912474307013280e-01 -4.047264066471306654e-02 1.070254975827026334e-01 3.009384056755176964e-02 2.709280111399171853e-02 -9.991798341078009793e-01 3.133625312689437559e-01 0.000000000000000000e+00 0.000000000000000000e+00 0.000000000000000000e+00 1.000000000000000000e+00 7.349162963220088989e-03 3.541822502267458986e-03 9.434824183775877837e-03 6.931632950319742241e-03 -2.243549936175454756e-02 2.557834343096082510e-03
6.921298280912941969e-01 -7.217715458869211620e-01 1.461716224098297268e-03 3.528855875353208993e-01 -7.211418031810254980e-01 -6.916077900459260963e-01 -4.041242943216241668e-02 1.070533031318979256e-01 3.017947599172091794e-02 2.691654316204891012e-02 -9.991820149167370824e-01 3.134423943636070464e-01 0.000000000000000000e+00 0.000000000000000000e+00 0.000000000000000000e+00 1.000000000000000000e+00 7.676341878417159911e-03 2.039756371013266324e-03 9.284409923300341108e-03 7.284291831661968489e-03 -2.189324396338419160e-02 5.826402353499302370e-04
6.921541998676653540e-01 -7.217477179459305114e-01 1.671898738983379484e-03 3.529518122428758620e-01 -7.211141400959154568e-01 -6.916400774224964465e-01 -4.035344169623368560e-02 1.070924423636590572e-01 3.028135662879374856e-02 2.672517432767378132e-02 -9.991840693775471127e-01 3.135290727353417517e-01 0.000000000000000000e+00 0.000000000000000000e+00 0.000000000000000000e+00 1.000000000000000000e+00 6.552910895844898595e-03 3.632273693822094494e-03 8.710795541019908036e-03 6.049788030743127182e-03 -2.074230882541635082e-02 3.838013227860585363e-03
6.921656460356606644e-01 -7.217363677719499382e-01 1.825892491280289853e-03 3.530026471206504368e-01 -7.211002004449776903e-01 -6.916575064758311298e-01 -4.030377964718637185e-02 1.071167874032252776e-01 3.035159577765337083e-02 2.658024023572030589e-02 -9.991858042740406898e-01 3.135937650845767033e-01 0.000000000000000000e+00 0.000000000000000000e+00 0.000000000000000000e+00 1.000000000000000000e+00 5.746511413790156807e-03 2.404559406246457171e-03 7.135962539862246087e-03 5.340878394362113570e-03 -1.653983684887948627e-02 8.337995648387333796e-04
6.921742301209887760e-01 -7.217276440880909805e-01 2.010700243728402725e-03 3.530612102551345943e-01 -7.210882153945997741e-01 -6.916731201355712511e-01 -4.025022361373084556e-02 1.071443927917768851e-01 3.044044637399382497e-02 2.641027529158817763e-02 -9.991876083016515420e-01 3.136692973023565423e-01 0.000000000000000000e+00 0.000000000000000000e+00 0.000000000000000000e+00 1.000000000000000000e+00 4.456875779096507693e-03 2.440371094548687229e-03 5.768122057320000835e-03 3.878633666882418032e-03 -1.432480426819281866e-02 1.974352589018474151e-03
6.921813843849543568e-01 -7.217202641681971231e-01 2.188926658380385692e-03 3.531177469465456298e-01 -7.210777991245970187e-01 -6.916871263788314517e-01 -4.019610443092545837e-02 1.071660237072785959e-01 3.052439549860922266e-02 2.624460879460997070e-02 -9.991894123681768214e-01 3.137433252775464476e-01 0.000000000000000000e+00 0.000000000000000000e+00 0.000000000000000000e+00 1.000000000000000000e+00 5.941785095771853764e-03 2.124791074924598649e-03 7.510786606528518580e-03 5.823258141451693667e-03 -1.740000976452230758e-02 2.718390890003106585e-03
6.921802838534923952e-01 -7.217207479958106520e-01 2.369927607810906611e-03 3.531751873448603085e-01 -7.210751000198993843e-01 -6.916928886097943874e-01 -4.014533569333997298e-02 1.071887602835347592e-01 3.061298377798320897e-02 2.607891406876751417e-02 -9.991910405248851657e-01 3.138163005894060165e-01 0.000000000000000000e+00 0.000000000000000000e+00 0.000000000000000000e+00 1.000000000000000000e+00 6.584929312186172529e-03 2.203390041455234594e-03 8.014088162921271033e-03 6.096206005196000595e-03 -1.944143255707682025e-02 -1.517642220237490607e-03
6.921933221453711038e-01 -7.217076809600820875e-01 2.535354132016887085e-03 3.532297899470738245e-01 -7.210593584704586556e-01 -6.917123578961208441e-01 -4.009258654612909978e-02 1.072145479579528216e-01 3.068886344465742572e-02 2.592367985083829374e-02 -9.991927524174033515e-01 3.138860155378958017e-01 0.000000000000000000e+00 0.000000000000000000e+00 0.000000000000000000e+00 1.000000000000000000e+00 5.097867506489264441e-03 2.486571554457358418e-03 6.810183033675264001e-03 4.565324963416208734e-03 -1.646980656517839717e-02 4.779177303094645640e-03
6.921915721248835807e-01 -7.217087446356592606e-01 2.704698819249617969e-03 3.532873798505290486e-01 -7.210577267361558684e-01 -6.917172274598684112e-01 -4.003788142896476387e-02 1.072348428770642237e-01 3.076657591233478845e-02 2.576364010875085986e-02 -9.991945019139052420e-01 3.139559012868647914e-01 0.000000000000000000e+00 0.000000000000000000e+00 0.000000000000000000e+00 1.000000000000000000e+00 6.967852778759583803e-03 1.114280307278719007e-03 7.744220381642087300e-03 7.790589588968849927e-03 -2.418485457145305370e-02 -1.693315513845374811e-03
6.922010095957065179e-01 -7.216989798129433975e-01 2.888745686582705474e-03 3.533454000304545595e-01 -7.210449347080378768e-01 -6.917337371997389628e-01 -3.998298327493753079e-02 1.072617598718535459e-01 3.085392108899985900e-02 2.559334594458992015e-02 -9.991961850391514188e-01 3.140294529751189723e-01 0.000000000000000000e+00 0.000000000000000000e+00 0.000000000000000000e+00 1.000000000000000000e+00 6.697764375421327854e-03 1.780915706390488306e-03 7.758643195790414226e-03 6.478959050214614865e-03 -1.912121995941374469e-02 6.660073673596340676e-04
6.922173132147662056e-01 -7.216825251927868612e-01 3.086116830701535196e-03 3.534079397268631295e-01 -7.210250995862530488e-01 -6.917574805893168532e-01 -3.992986119879159135e-02 1.072929526453385990e-01 3.095152746415184147e-02 2.541497354087461635e-02 -9.991977192065406577e-01 3.141104610735684366e-01 0.000000000000000000e+00 0.000000000000000000e+00 0.000000000000000000e+00 1.000000000000000000e+00 5.759794998194834453e-03 2.348807543762751037e-03 7.224079814698810588e-03 5.071031120889015094e-03 -1.684659076412253417e-02 1.054517687350778766e-03
6.922107820529559419e-01 -7.216878511556171771e-01 3.298288044278119280e-03 3.534785740624584727e-01 -7.210271497228777360e-01 -6.917592465697721682e-01 -3.986218944970069955e-02 1.073141954288157063e-01 3.104967909879249172e-02 2.521488210578949271e-02 -9.991997433687884733e-01 3.141980233270541545e-01 0.000000000000000000e+00 0.000000000000000000e+00 0.000000000000000000e+00 1.000000000000000000e+00 5.665114956263167349e-03 1.598295468073021976e-03 7.329650578473219033e-03 4.877416507177891568e-03 -1.787148475187147478e-02 1.870137286677707412e-03
6.922130341453391900e-01 -7.216845086432521761e-01 3.547582789938552583e-03 3.535600134801037409e-01 -7.210199419234731844e-01 -6.917711794108125645e-01 -3.978540794367706190e-02 1.073475464456996042e-01 3.116662811365734573e-02 2.498210001023247820e-02 -9.992019495432860055e-01 3.143003869563386066e-01 0.000000000000000000e+00 0.000000000000000000e+00 0.000000000000000000e+00 1.000000000000000000e+00 8.333182599027858309e-03 3.458299569633793875e-03 1.057431761884818251e-02 7.297877300617670003e-03 -2.530392897147934125e-02 2.567161106483430676e-03
6.922186891660722097e-01 -7.216778324222991037e-01 3.793752687879570207e-03 3.536433887079334371e-01 -7.210096057959914928e-01 -6.917864721960607088e-01 -3.970674044085599486e-02 1.073811518023233685e-01 3.127994116224428606e-02 2.475041568905131037e-02 -9.992041744328862274e-01 3.144035539625788522e-01 0.000000000000000000e+00 0.000000000000000000e+00 0.000000000000000000e+00 1.000000000000000000e+00 9.676348211332612415e-03 4.108892399556140183e-03 1.205977158911804119e-02 8.667681663451857685e-03 -2.941090629171165538e-02 3.210776734936129136e-03
6.922421809924591551e-01 -7.216534943165895388e-01 4.122741255462303300e-03 3.537513791729826051e-01 -7.209803217220666083e-01 -6.918227145511579579e-01 -3.960691001090925478e-02 1.074314031179360862e-01 3.143467105520143801e-02 2.444515845158374417e-02 -9.992068332852455104e-01 3.145408848694605242e-01 0.000000000000000000e+00 0.000000000000000000e+00 0.000000000000000000e+00 1.000000000000000000e+00 8.809031332310701679e-03 4.116582835949651221e-03 1.144955523572057862e-02 8.612799710589818733e-03 -2.752097199027048885e-02 5.317446398831285684e-03
6.922563199064653006e-01 -7.216378973929525875e-01 4.464593580180087340e-03 3.538637167448053233e-01 -7.209597593833911855e-01 -6.918501774204668386e-01 -3.950135887676776980e-02 1.074831230228390361e-01 3.159450742455296307e-02 2.412627301402459068e-02 -9.992095426140868986e-01 3.146837396816587473e-01 0.000000000000000000e+00 0.000000000000000000e+00 0.000000000000000000e+00 1.000000000000000000e+00 1.188164136222776175e-02 5.896034584866146483e-03 1.545449816651412768e-02 1.179843352591802320e-02 -3.727657999581086845e-02 6.381949781147271475e-03
6.922696377389135902e-01 -7.216228531708906990e-01 4.817306958952549678e-03 3.539824511930732553e-01 -7.209397775618748838e-01 -6.918773064228913583e-01 -3.939073477404143875e-02 1.075358256946993690e-01 3.175823977911387819e-02 2.379602148486085339e-02 -9.992122715257374388e-01 3.148327482265257382e-01 0.000000000000000000e+00 0.000000000000000000e+00 0.000000000000000000e+00 1.000000000000000000e+00 1.251024833583126369e-02 5.231179224129934094e-03 1.588102408377755834e-02 1.145672472215017619e-02 -3.798472376895187241e-02 3.051693161547479240e-03
6.922824016983374351e-01 -7.216081184772855650e-01 5.176837495379671417e-03 3.541014424286751949e-01 -7.209200675174329831e-01 -6.919041120051279137e-01 -3.928047913474237707e-02 1.075887190588833420e-01 3.192698779154325844e-02 2.346109839856499665e-02 -9.992148138976379990e-01 3.149832598173641363e-01 0.000000000000000000e+00 0.000000000000000000e+00 0.000000000000000000e+00 1.000000000000000000e+00 1.423946016315841626e-02 5.895553565169336235e-03 1.768889077559061829e-02 1.326953547521743035e-02 -4.225390971147523905e-02 2.992940774497059725e-03
6.923178454081393429e-01 -7.215706177259515464e-01 5.643098795924561539e-03 3.542576378324822639e-01 -7.208764103579283766e-01 -6.919578398509813599e-01 -3.913500809034575756e-02 1.076659421519341325e-01 3.214345841535463932e-02 2.302588767783689261e-02 -9.992179975249385615e-01 3.151824682960554513e-01 0.000000000000000000e+00 0.000000000000000000e+00 0.000000000000000000e+00 1.000000000000000000e+00 1.477861631370003780e-02 5.939083177947257139e-03 1.839581008835579692e-02 1.335687677074039702e-02 -4.015858888126826870e-02 1.995335203302314210e-03
6.923485907183898336e-01 -7.215372413228995363e-01 6.118685675849722116e-03 3.544121166850264792e-01 -7.208367953114288573e-01 -6.920071410084331909e-01 -3.899270852972087920e-02 1.077393102959293275e-01 3.236886552551679341e-02 2.258597302474763327e-02 -9.992207615772985552e-01 3.153811887903893441e-01 0.000000000000000000e+00 0.000000000000000000e+00 0.000000000000000000e+00 1.000000000000000000e+00 1.554238202880544630e-02 7.534219308210737300e-03 2.026393767184307346e-02 1.438208034422601075e-02 -4.795231533562965137e-02 4.537567987632835052e-03
6.923896388624506404e-01 -7.214937326931751826e-01 6.586477085230690864e-03 3.545688995184180237e-01 -7.207875167905095637e-01 -6.920665597354167531e-01 -3.884884213146587439e-02 1.078195239265212629e-01 3.258747665739095134e-02 2.215108531096903963e-02 -9.992233913318133709e-01 3.155823527187097133e-01 0.000000000000000000e+00 0.000000000000000000e+00 0.000000000000000000e+00 1.000000000000000000e+00 1.557208375864063687e-02 7.744883322624389159e-03 2.018457464072925811e-02 1.417614667513201338e-02 -4.830655654655489212e-02 8.540442373989671349e-03
6.924274500150408018e-01 -7.214525944293325166e-01 7.097919191799584304e-03 3.547386294095853376e-01 -7.207403867563166866e-01 -6.921245418390049586e-01 -3.868996617344713784e-02 1.079024735393679241e-01 3.282562054285109721e-02 2.167423759518545892e-02 -9.992260535337557092e-01 3.157999385610815168e-01 0.000000000000000000e+00 0.000000000000000000e+00 0.000000000000000000e+00 1.000000000000000000e+00 1.772765533652437622e-02 8.157063378868434009e-03 2.270205689568353599e-02 1.557399931449975072e-02 -5.088000355536191621e-02 6.866831058908218904e-03
6.924560199184943698e-01 -7.214213121778282334e-01 7.480027691006252422e-03 3.548689906409357997e-01 -7.207048565860728617e-01 -6.921682405879319155e-01 -3.856989000055709160e-02 1.079695866391871956e-01 3.300257826118906113e-02 2.131706023417354740e-02 -9.992279083227644243e-01 3.159690638772454374e-01 0.000000000000000000e+00 0.000000000000000000e+00 0.000000000000000000e+00 1.000000000000000000e+00 1.718000796779546938e-02 8.488404584369595857e-03 2.180573886778120266e-02 1.602144356269617417e-02 -5.189644666873798051e-02 7.655722168472642308e-03
6.925002630388380487e-01 -7.213726734160831322e-01 8.053057784050632328e-03 3.550655626686601840e-01 -7.206501353886520800e-01 -6.922352118285235445e-01 -3.839002304032372581e-02 1.080691356667779351e-01 3.326812371411301539e-02 2.078166387112252017e-02 -9.992303810389724372e-01 3.162252433609439861e-01 0.000000000000000000e+00 0.000000000000000000e+00 0.000000000000000000e+00 1.000000000000000000e+00 1.631411298454092315e-02 8.496830981655448256e-03 2.144328770086914929e-02 1.528990150818487770e-02 -4.797561437049992217e-02 6.074973157408699795e-03
6.925436306580996515e-01 -7.213254484765554420e-01 8.539146034236999583e-03 3.552350403969725678e-01 -7.205979931365578128e-01 -6.922978745099287456e-01 -3.823853078506385395e-02 1.081521280386437134e-01 3.349405801725287291e-02 2.032855944554855937e-02 -9.992321540805247926e-01 3.164437576652521233e-01 0.000000000000000000e+00 0.000000000000000000e+00 0.000000000000000000e+00 1.000000000000000000e+00 1.851175925866528280e-02 8.814547304006345105e-03 2.383473134039370070e-02 1.633833592328088474e-02 -4.837826730147282150e-02 8.222706006172043544e-03
6.925747768005856564e-01 -7.212901169384916544e-01 8.985863702271168485e-03 3.553834638202530427e-01 -7.205583894745551943e-01 -6.923468132681761533e-01 -3.809852379340385176e-02 1.082264141876818353e-01 3.370142278085781068e-02 1.991123713530214279e-02 -9.992335846729170079e-01 3.166346228155805242e-01 0.000000000000000000e+00 0.000000000000000000e+00 0.000000000000000000e+00 1.000000000000000000e+00 1.726283054689550789e-02 8.774935895048957893e-03 2.200787261146150073e-02 1.627376088865064088e-02 -5.179562067327363184e-02 9.386932893013906487e-03
6.926033701447182889e-01 -7.212557020664217555e-01 9.528058608732625778e-03 3.555631109975650461e-01 -7.205191114791549278e-01 -6.923970778272284798e-01 -3.792751784132412929e-02 1.083101846232769616e-01 3.395263844633394923e-02 1.940357835523979363e-02 -9.992350671836655041e-01 3.168649049633969206e-01 0.000000000000000000e+00 0.000000000000000000e+00 0.000000000000000000e+00 1.000000000000000000e+00 1.585977324086233070e-02 7.560181708027626998e-03 2.031194035293654859e-02 1.558147205605488195e-02 -4.685619772744301775e-02 5.954497687033983959e-03
6.926237049410335356e-01 -7.212292423162101063e-01 1.003909267522695714e-02 3.557301859939971944e-01 -7.204882197013121603e-01 -6.924378141706317713e-01 -3.777034257498429470e-02 1.083867841707431695e-01 3.419252294567023259e-02 1.892758660218690075e-02 -9.992360170850661527e-01 3.170799144123164770e-01 0.000000000000000000e+00 0.000000000000000000e+00 0.000000000000000000e+00 1.000000000000000000e+00 1.596949522000812652e-02 7.312351635172828317e-03 2.059778910039251204e-02 1.552247169536218399e-02 -4.857370507625390771e-02 4.281741391847370889e-03
6.926571355302624244e-01 -7.211898453806904197e-01 1.054985870937041881e-02 3.558956749173928791e-01 -7.204446874901540010e-01 -6.924916756511991789e-01 -3.761291561430539498e-02 1.084643684168086070e-01 3.443174213173316733e-02 1.845226472740864321e-02 -9.992366932114749023e-01 3.172930393309804087e-01 0.000000000000000000e+00 0.000000000000000000e+00 0.000000000000000000e+00 1.000000000000000000e+00 1.860003349801912093e-02 5.693296726163743320e-03 2.300258102759360213e-02 1.728982392737963419e-02 -5.420592375992383527e-02 7.081658474625469359e-05
6.926837119779681862e-01 -7.211570622142726705e-01 1.103479854382671821e-02 3.560511986164132114e-01 -7.204080590186056066e-01 -6.925376071070490358e-01 -3.746853671399262564e-02 1.085375129227261759e-01 3.466271284058067281e-02 1.800428729281160906e-02 -9.992368798125943474e-01 3.174956472232643989e-01 0.000000000000000000e+00 0.000000000000000000e+00 0.000000000000000000e+00 1.000000000000000000e+00 1.528445946544827738e-02 6.977887483932743162e-03 1.995289414259059785e-02 1.408013487040936200e-02 -4.750898534548414487e-02 7.705289986080463525e-03
6.927106323743434935e-01 -7.211241988939366410e-01 1.148344744034451859e-02 3.561957951502692787e-01 -7.203719669862550523e-01 -6.925825270220168361e-01 -3.733192258846379508e-02 1.086056043722906927e-01 3.487418781693465281e-02 1.758786608362064921e-02 -9.992369378634549104e-01 3.176835578133221372e-01 0.000000000000000000e+00 0.000000000000000000e+00 0.000000000000000000e+00 1.000000000000000000e+00 1.504611498175051354e-02 7.031052923239216289e-03 1.981835055769183909e-02 1.429984436977855232e-02 -4.699825632652773755e-02 6.171753394082893363e-03
6.927239275382449657e-01 -7.211036912464403592e-01 1.195937651998407736e-02 3.563508744291007391e-01 -7.203483277001797580e-01 -6.926150031527099626e-01 -3.718526841810088079e-02 1.086755899621560939e-01 3.509767792237529493e-02 1.714420830864350417e-02 -9.992368233436591529e-01 3.178832295470706004e-01 0.000000000000000000e+00 0.000000000000000000e+00 0.000000000000000000e+00 1.000000000000000000e+00 1.406695366882834870e-02 5.077095244911638064e-03 1.793413475380066166e-02 1.318072114036292555e-02 -4.266744939552551130e-02 2.750757109365173977e-04
6.927530958716447973e-01 -7.210668389048138227e-01 1.248046441728301037e-02 3.565231807483806858e-01 -7.203083948142126047e-01 -6.926652359979539320e-01 -3.702279298042263078e-02 1.087525692732321386e-01 3.534069213278206306e-02 1.665787116405375093e-02 -9.992364839255307718e-01 3.181027311445342454e-01 0.000000000000000000e+00 0.000000000000000000e+00 0.000000000000000000e+00 1.000000000000000000e+00 1.663614126497173218e-02 7.761091932342416289e-03 2.113995903370580881e-02 1.541600568948608627e-02 -4.936286766946156729e-02 6.397982801120844117e-03
6.927661787611506528e-01 -7.210459458495016571e-01 1.295243369683274359e-02 3.566789369481604410e-01 -7.202849961520286781e-01 -6.926974682803993533e-01 -3.687467635379299002e-02 1.088214944718068067e-01 3.556045391928074062e-02 1.621608497518874786e-02 -9.992359544697799745e-01 3.183013857627989829e-01 0.000000000000000000e+00 0.000000000000000000e+00 0.000000000000000000e+00 1.000000000000000000e+00 1.527597702873344926e-02 7.112713404535841132e-03 1.959223697255193380e-02 1.403751650353605475e-02 -4.615178926399480380e-02 7.048194881021230609e-03
6.927905765214095180e-01 -7.210137347142338005e-01 1.343173244839684921e-02 3.568361151932256670e-01 -7.202505502241363100e-01 -6.927413677782198187e-01 -3.672250359915660289e-02 1.088927622915469989e-01 3.578214617601838121e-02 1.576679175334802507e-02 -9.992352307103891107e-01 3.185028331518475753e-01 0.000000000000000000e+00 0.000000000000000000e+00 0.000000000000000000e+00 1.000000000000000000e+00 1.534528728402970686e-02 6.711192158518809563e-03 1.980329383959436931e-02 1.487547337499597021e-02 -4.651731995023160315e-02 3.656250723173877764e-03
6.928196114110832804e-01 -7.209768460364736065e-01 1.390588089601063615e-02 3.569913172513024535e-01 -7.202114956353439235e-01 -6.927896418372361254e-01 -3.657750289091075968e-02 1.089687344287272874e-01 3.600538291555728521e-02 1.532643606102579784e-02 -9.992340630496797660e-01 3.187046857620627338e-01 0.000000000000000000e+00 0.000000000000000000e+00 0.000000000000000000e+00 1.000000000000000000e+00 1.651815378295755019e-02 7.927559553743787624e-03 2.170605931341080055e-02 1.519220960002899690e-02 -5.099021558622357508e-02 7.455468186719232775e-03
6.928451942271914854e-01 -7.209420410142615143e-01 1.442602975443835200e-02 3.571614970036826042e-01 -7.201747059644261206e-01 -6.928364323259983415e-01 -3.641525684152838171e-02 1.090489007640273594e-01 3.624816857908383372e-02 1.484087396256506160e-02 -9.992326149274199931e-01 3.189231353612938524e-01 0.000000000000000000e+00 0.000000000000000000e+00 0.000000000000000000e+00 1.000000000000000000e+00 1.552523280811366792e-02 7.091166882262525499e-03 2.008422418683399741e-02 1.469384026280277401e-02 -4.796002646155090449e-02 2.825221631040756697e-03
6.928796342037348843e-01 -7.208990337812724025e-01 1.491293394762965852e-02 3.573182305326185193e-01 -7.201298504133065714e-01 -6.928906560519719759e-01 -3.627033635874610251e-02 1.091246531682408122e-01 3.648028302257463884e-02 1.439172849576442030e-02 -9.992307376684810283e-01 3.191285720086672884e-01 0.000000000000000000e+00 0.000000000000000000e+00 0.000000000000000000e+00 1.000000000000000000e+00 1.529983356414872653e-02 7.216486858897819441e-03 1.990774108283774671e-02 1.366486504800200515e-02 -4.548202413794993904e-02 6.751895869801404458e-03
6.929074359343305733e-01 -7.208610409931019980e-01 1.544813274324075003e-02 3.574906634435039976e-01 -7.200904170642663527e-01 -6.929403835347370810e-01 -3.610285472012489394e-02 1.092077661771751473e-01 3.672977646436870192e-02 1.389188414408715905e-02 -9.992286720645102704e-01 3.193542237048490606e-01 0.000000000000000000e+00 0.000000000000000000e+00 0.000000000000000000e+00 1.000000000000000000e+00 1.689205610767612400e-02 7.595352741313815548e-03 2.171353645818810060e-02 1.616235446912849330e-02 -5.109798911504356833e-02 5.566117852111086318e-03
6.929364158230768567e-01 -7.208225836165568223e-01 1.593507372494273877e-02 3.576486420737208793e-01 -7.200507333368103557e-01 -6.929892848255588822e-01 -3.595542432070364391e-02 1.092823250589196743e-01 3.696031719816975786e-02 1.344076133676521539e-02 -9.992263411696564734e-01 3.195592986547478587e-01 0.000000000000000000e+00 0.000000000000000000e+00 0.000000000000000000e+00 1.000000000000000000e+00 1.651666916966901960e-02 7.972830422584000973e-03 2.158796343527623340e-02 1.548633938685549903e-02 -5.086407473149828773e-02 6.147493225040174397e-03
